600 10000
0 12
0 13
0 24
0 53
0 55
0 61
0 87
0 100
0 101
0 110
0 112
0 116
0 129
0 154
0 157
0 194
0 201
0 208
0 221
0 239
0 256
0 260
0 263
0 276
0 283
0 290
0 322
0 365
0 374
0 380
0 385
0 412
0 445
0 455
0 472
0 477
0 493
0 497
0 545
0 548
0 574
0 595
1 6
1 33
1 56
1 108
1 120
1 122
1 132
1 144
1 151
1 168
1 222
1 252
1 268
1 274
1 290
1 299
1 316
1 317
1 379
1 385
1 394
1 400
1 437
1 467
1 483
1 502
1 510
1 544
1 578
1 579
1 582
2 9
2 63
2 81
2 87
2 88
2 93
2 142
2 227
2 228
2 256
2 262
2 311
2 342
2 347
2 353
2 360
2 386
2 405
2 422
2 432
2 457
2 463
2 482
2 540
2 548
2 570
2 573
3 26
3 27
3 61
3 81
3 95
3 111
3 113
3 127
3 142
3 149
3 167
3 179
3 216
3 230
3 249
3 253
3 259
3 270
3 280
3 285
3 315
3 316
3 325
3 340
3 371
3 378
3 397
3 449
3 462
3 492
3 505
3 514
3 531
3 538
3 545
3 562
3 588
4 18
4 20
4 24
4 40
4 42
4 95
4 102
4 103
4 109
4 111
4 124
4 134
4 143
4 146
4 160
4 175
4 209
4 212
4 220
4 253
4 293
4 295
4 310
4 315
4 324
4 333
4 341
4 365
4 366
4 371
4 389
4 399
4 402
4 454
4 470
4 478
4 497
4 557
4 560
4 582
4 585
4 587
4 595
4 598
5 11
5 24
5 25
5 40
5 47
5 57
5 90
5 134
5 145
5 158
5 166
5 172
5 205
5 228
5 246
5 258
5 275
5 278
5 282
5 284
5 291
5 298
5 335
5 360
5 378
5 384
5 389
5 392
5 410
5 419
5 434
5 437
5 449
5 454
5 456
5 474
5 480
5 485
5 516
5 528
5 539
5 547
5 554
5 556
5 565
6 42
6 79
6 89
6 95
6 117
6 122
6 129
6 138
6 149
6 180
6 181
6 189
6 205
6 206
6 216
6 259
6 288
6 318
6 329
6 339
6 345
6 404
6 419
6 429
6 480
6 482
6 494
6 499
6 527
6 583
7 13
7 60
7 61
7 75
7 159
7 212
7 241
7 246
7 249
7 251
7 260
7 267
7 269
7 274
7 277
7 280
7 290
7 297
7 318
7 336
7 377
7 379
7 389
7 394
7 417
7 475
7 483
7 510
7 533
7 538
7 542
7 551
7 567
8 32
8 154
8 168
8 222
8 234
8 246
8 251
8 257
8 271
8 283
8 285
8 296
8 317
8 349
8 356
8 358
8 371
8 379
8 388
8 400
8 406
8 418
8 423
8 434
8 443
8 479
8 499
8 549
9 31
9 36
9 51
9 82
9 123
9 141
9 184
9 198
9 209
9 221
9 222
9 235
9 260
9 264
9 294
9 295
9 298
9 300
9 310
9 322
9 328
9 343
9 372
9 397
9 446
9 469
9 486
9 511
9 513
9 521
9 549
9 574
9 594
10 32
10 60
10 85
10 96
10 129
10 130
10 140
10 143
10 154
10 155
10 160
10 190
10 203
10 219
10 225
10 226
10 231
10 232
10 237
10 238
10 277
10 288
10 333
10 361
10 393
10 402
10 415
10 421
10 433
10 442
10 465
10 476
10 483
10 490
10 525
10 536
10 549
10 568
11 41
11 44
11 51
11 59
11 130
11 135
11 158
11 163
11 171
11 173
11 191
11 211
11 222
11 231
11 244
11 289
11 311
11 326
11 343
11 364
11 386
11 429
11 436
11 491
11 517
11 525
11 538
11 552
11 564
11 598
12 12
12 23
12 54
12 60
12 67
12 77
12 85
12 86
12 99
12 108
12 146
12 156
12 188
12 197
12 235
12 237
12 253
12 287
12 306
12 308
12 404
12 406
12 412
12 417
12 429
12 455
12 470
12 482
12 503
12 560
12 566
12 598
13 27
13 47
13 66
13 68
13 85
13 87
13 96
13 123
13 128
13 147
13 172
13 189
13 222
13 229
13 233
13 242
13 254
13 255
13 271
13 299
13 307
13 316
13 328
13 350
13 366
13 371
13 378
13 380
13 388
13 406
13 436
13 442
13 448
13 449
13 467
13 472
13 474
13 487
13 553
13 571
13 574
13 579
13 587
14 37
14 49
14 54
14 76
14 98
14 152
14 191
14 255
14 263
14 266
14 290
14 305
14 314
14 357
14 358
14 360
14 363
14 409
14 425
14 463
14 467
14 476
14 481
14 543
14 546
14 580
14 584
15 23
15 26
15 102
15 103
15 110
15 116
15 151
15 166
15 169
15 174
15 193
15 229
15 230
15 242
15 265
15 266
15 267
15 277
15 301
15 314
15 321
15 329
15 350
15 379
15 389
15 418
15 427
15 476
15 496
15 507
15 518
15 568
15 595
16 22
16 34
16 39
16 59
16 64
16 90
16 109
16 126
16 132
16 147
16 163
16 173
16 192
16 202
16 209
16 235
16 236
16 259
16 263
16 273
16 291
16 308
16 324
16 328
16 330
16 334
16 353
16 356
16 357
16 359
16 378
16 380
16 405
16 431
16 491
16 508
16 538
16 551
16 569
16 582
17 56
17 76
17 106
17 124
17 150
17 155
17 157
17 164
17 204
17 235
17 256
17 281
17 294
17 298
17 313
17 315
17 316
17 331
17 347
17 358
17 392
17 395
17 417
17 442
17 456
17 466
17 467
17 479
17 480
17 495
17 512
17 544
17 548
17 576
17 589
17 595
17 599
18 29
18 35
18 44
18 50
18 62
18 99
18 186
18 188
18 190
18 206
18 209
18 248
18 272
18 294
18 393
18 398
18 405
18 457
18 465
18 475
18 480
18 483
18 507
18 510
18 521
18 558
18 577
18 582
18 598
19 56
19 60
19 74
19 76
19 93
19 97
19 131
19 135
19 161
19 170
19 178
19 194
19 214
19 218
19 222
19 231
19 255
19 259
19 283
19 304
19 320
19 343
19 400
19 448
19 468
19 477
19 511
19 532
19 547
19 550
19 560
19 574
19 581
20 29
20 50
20 57
20 114
20 117
20 125
20 132
20 134
20 164
20 219
20 224
20 230
20 237
20 240
20 245
20 270
20 283
20 297
20 307
20 318
20 321
20 339
20 341
20 359
20 437
20 447
20 464
20 472
20 479
20 525
20 554
20 579
20 591
21 23
21 35
21 54
21 56
21 82
21 98
21 122
21 129
21 163
21 173
21 176
21 192
21 237
21 250
21 290
21 294
21 318
21 326
21 329
21 332
21 384
21 395
21 398
21 406
21 445
21 457
21 463
21 475
21 480
21 504
21 554
21 558
21 572
22 33
22 50
22 57
22 59
22 78
22 81
22 84
22 92
22 102
22 103
22 121
22 161
22 169
22 178
22 187
22 194
22 217
22 268
22 298
22 302
22 315
22 340
22 344
22 378
22 388
22 412
22 413
22 423
22 437
22 522
22 534
22 549
22 552
22 564
22 585
23 49
23 58
23 66
23 72
23 76
23 80
23 98
23 160
23 162
23 201
23 219
23 224
23 240
23 292
23 299
23 314
23 317
23 330
23 347
23 350
23 356
23 362
23 363
23 402
23 407
23 445
23 448
23 474
23 531
23 563
23 572
23 590
24 56
24 58
24 72
24 75
24 88
24 91
24 107
24 127
24 160
24 163
24 214
24 242
24 243
24 286
24 288
24 307
24 312
24 357
24 364
24 387
24 390
24 441
24 447
24 452
24 476
24 505
24 516
24 535
24 559
24 560
24 565
25 59
25 70
25 78
25 185
25 200
25 236
25 241
25 267
25 290
25 302
25 328
25 378
25 381
25 388
25 393
25 414
25 435
25 454
25 467
25 502
25 513
25 544
25 557
25 562
25 563
25 572
25 584
26 31
26 54
26 78
26 83
26 100
26 106
26 130
26 131
26 143
26 162
26 163
26 173
26 255
26 272
26 288
26 295
26 307
26 318
26 323
26 347
26 366
26 371
26 405
26 438
26 459
26 501
26 522
26 549
27 38
27 63
27 117
27 140
27 155
27 173
27 190
27 192
27 227
27 256
27 305
27 336
27 348
27 359
27 403
27 432
27 459
27 471
27 510
27 513
27 522
27 557
27 589
28 38
28 45
28 53
28 54
28 67
28 115
28 125
28 133
28 135
28 149
28 155
28 168
28 187
28 216
28 222
28 232
28 259
28 293
28 306
28 370
28 401
28 443
28 447
28 467
28 492
28 498
28 541
28 544
29 42
29 80
29 93
29 94
29 103
29 111
29 132
29 151
29 162
29 220
29 307
29 308
29 315
29 332
29 341
29 342
29 359
29 374
29 390
29 394
29 395
29 431
29 432
29 476
29 482
29 531
29 548
29 549
29 564
29 586
29 591
30 52
30 69
30 83
30 90
30 158
30 191
30 198
30 199
30 206
30 213
30 234
30 240
30 242
30 248
30 255
30 281
30 287
30 294
30 295
30 312
30 355
30 356
30 369
30 397
30 402
30 409
30 427
30 493
30 513
30 529
30 563
30 567
30 573
30 582
30 599
31 48
31 55
31 102
31 118
31 133
31 157
31 158
31 186
31 207
31 216
31 220
31 238
31 250
31 255
31 257
31 262
31 268
31 290
31 297
31 307
31 315
31 324
31 325
31 377
31 378
31 390
31 428
31 438
31 448
31 453
31 460
31 478
31 498
31 509
31 523
31 539
31 552
31 554
31 573
31 597
32 33
32 55
32 57
32 68
32 69
32 72
32 109
32 117
32 140
32 146
32 152
32 155
32 184
32 191
32 204
32 240
32 250
32 283
32 286
32 301
32 303
32 304
32 351
32 393
32 398
32 404
32 410
32 436
32 442
32 457
32 464
32 466
32 472
32 497
32 508
32 509
32 511
32 528
32 529
32 576
33 33
33 80
33 114
33 119
33 222
33 242
33 262
33 300
33 333
33 343
33 344
33 348
33 352
33 358
33 363
33 364
33 384
33 385
33 405
33 420
33 423
33 424
33 438
33 440
33 454
33 458
33 465
33 473
33 566
33 577
33 587
34 81
34 97
34 107
34 124
34 143
34 148
34 161
34 215
34 253
34 269
34 284
34 302
34 311
34 335
34 337
34 350
34 397
34 405
34 417
34 421
34 426
34 449
34 465
34 506
34 509
34 522
34 546
34 571
34 576
34 582
34 588
34 593
34 598
35 47
35 58
35 77
35 95
35 101
35 109
35 120
35 131
35 134
35 188
35 235
35 236
35 247
35 305
35 306
35 323
35 331
35 352
35 363
35 406
35 440
35 444
35 452
35 467
35 471
35 487
35 491
35 494
35 502
35 509
35 542
35 556
35 559
36 51
36 76
36 104
36 125
36 141
36 154
36 157
36 179
36 182
36 186
36 190
36 210
36 238
36 258
36 301
36 302
36 342
36 347
36 383
36 386
36 412
36 437
36 450
36 456
36 514
37 46
37 48
37 66
37 76
37 80
37 91
37 108
37 125
37 158
37 161
37 174
37 186
37 187
37 212
37 214
37 221
37 231
37 273
37 275
37 281
37 300
37 324
37 325
37 336
37 373
37 392
37 397
37 413
37 418
37 457
37 482
37 520
37 535
37 551
37 567
38 60
38 107
38 110
38 140
38 147
38 170
38 175
38 191
38 204
38 261
38 268
38 287
38 296
38 317
38 348
38 357
38 404
38 430
38 519
38 535
38 539
38 598
39 51
39 62
39 81
39 82
39 94
39 117
39 118
39 154
39 166
39 171
39 188
39 211
39 224
39 237
39 242
39 251
39 256
39 265
39 362
39 379
39 382
39 390
39 436
39 444
39 485
39 486
39 531
39 561
39 576
39 587
40 74
40 75
40 117
40 133
40 165
40 168
40 198
40 200
40 214
40 216
40 247
40 275
40 285
40 288
40 294
40 316
40 328
40 331
40 349
40 395
40 399
40 400
40 415
40 434
40 479
40 481
40 487
40 514
40 548
40 575
40 579
41 65
41 85
41 91
41 102
41 115
41 154
41 171
41 180
41 183
41 187
41 217
41 221
41 228
41 251
41 277
41 286
41 292
41 339
41 340
41 399
41 500
41 539
41 540
41 573
41 585
42 51
42 63
42 65
42 66
42 74
42 80
42 96
42 109
42 121
42 129
42 181
42 182
42 185
42 198
42 199
42 224
42 292
42 298
42 303
42 341
42 354
42 385
42 413
42 482
42 488
42 492
42 497
42 524
42 529
42 532
42 536
42 546
42 563
42 571
42 574
42 575
42 576
42 588
43 66
43 98
43 100
43 109
43 116
43 141
43 156
43 157
43 158
43 164
43 177
43 227
43 251
43 260
43 273
43 362
43 363
43 409
43 447
43 453
43 492
43 500
43 503
43 517
43 532
43 545
43 575
43 577
43 579
43 585
43 591
44 66
44 75
44 97
44 102
44 110
44 128
44 136
44 138
44 147
44 167
44 197
44 204
44 209
44 213
44 243
44 253
44 263
44 296
44 344
44 354
44 384
44 391
44 410
44 418
44 433
44 473
44 488
44 547
44 549
44 561
44 563
44 581
45 60
45 67
45 85
45 93
45 120
45 138
45 141
45 146
45 165
45 185
45 199
45 236
45 238
45 249
45 260
45 267
45 295
45 311
45 323
45 351
45 352
45 384
45 396
45 491
45 532
45 561
45 567
45 580
46 59
46 73
46 106
46 114
46 118
46 145
46 185
46 208
46 211
46 235
46 246
46 272
46 294
46 298
46 321
46 330
46 366
46 375
46 391
46 404
46 430
46 437
46 440
46 442
46 477
46 531
46 533
46 568
47 54
47 95
47 99
47 108
47 111
47 112
47 121
47 127
47 129
47 147
47 158
47 189
47 200
47 263
47 270
47 277
47 294
47 310
47 324
47 351
47 366
47 419
47 445
47 447
47 455
47 469
47 507
47 521
48 50
48 72
48 73
48 87
48 111
48 122
48 124
48 133
48 137
48 230
48 236
48 240
48 273
48 289
48 301
48 361
48 376
48 385
48 392
48 440
48 442
48 461
48 463
48 530
48 532
48 534
48 569
48 580
48 594
49 56
49 69
49 75
49 84
49 96
49 101
49 121
49 158
49 160
49 168
49 201
49 224
49 229
49 243
49 297
49 301
49 316
49 326
49 330
49 334
49 342
49 348
49 360
49 370
49 386
49 396
49 400
49 423
49 439
49 460
49 463
49 471
49 474
49 481
49 485
49 494
49 505
49 506
49 529
49 531
49 536
49 540
49 552
49 562
50 55
50 66
50 107
50 122
50 134
50 165
50 174
50 179
50 182
50 214
50 223
50 235
50 260
50 282
50 288
50 289
50 293
50 315
50 333
50 346
50 383
50 400
50 410
50 447
50 451
50 457
50 510
50 552
50 571
50 579
51 74
51 78
51 109
51 111
51 123
51 138
51 185
51 193
51 203
51 205
51 253
51 263
51 298
51 311
51 333
51 357
51 364
51 370
51 418
51 424
51 426
51 434
51 436
51 447
51 451
51 457
51 460
51 478
51 501
51 505
51 510
51 511
51 525
51 533
51 549
51 559
51 575
51 599
52 56
52 75
52 104
52 124
52 150
52 208
52 220
52 254
52 257
52 280
52 283
52 295
52 330
52 332
52 333
52 340
52 353
52 360
52 419
52 438
52 439
52 463
52 475
52 511
52 575
52 579
52 591
53 94
53 105
53 157
53 195
53 196
53 228
53 229
53 235
53 248
53 249
53 251
53 254
53 304
53 315
53 317
53 342
53 363
53 382
53 386
53 431
53 461
53 507
53 511
53 585
54 80
54 103
54 115
54 151
54 152
54 163
54 172
54 174
54 207
54 217
54 234
54 252
54 272
54 279
54 299
54 319
54 330
54 336
54 363
54 374
54 384
54 402
54 428
54 461
54 488
54 497
54 500
54 505
54 513
54 564
54 569
55 56
55 69
55 71
55 74
55 119
55 130
55 132
55 144
55 157
55 187
55 191
55 230
55 243
55 283
55 294
55 303
55 353
55 392
55 411
55 415
55 425
55 428
55 453
55 483
55 484
55 499
55 505
55 509
55 528
55 540
55 591
56 64
56 65
56 79
56 99
56 104
56 142
56 162
56 169
56 186
56 195
56 198
56 213
56 215
56 243
56 261
56 270
56 289
56 295
56 296
56 309
56 323
56 357
56 358
56 370
56 371
56 392
56 406
56 424
56 427
56 433
56 439
56 456
56 476
56 485
56 566
56 585
57 63
57 97
57 114
57 139
57 190
57 199
57 218
57 235
57 241
57 263
57 275
57 325
57 342
57 353
57 357
57 359
57 363
57 377
57 379
57 390
57 404
57 407
57 417
57 449
57 451
57 468
57 497
57 511
57 513
58 60
58 89
58 112
58 116
58 164
58 169
58 205
58 207
58 229
58 239
58 255
58 265
58 364
58 373
58 407
58 417
58 420
58 440
58 451
58 463
58 480
58 484
58 509
58 523
58 530
58 533
58 534
58 552
58 573
58 590
59 60
59 75
59 129
59 139
59 176
59 225
59 273
59 284
59 302
59 307
59 360
59 377
59 379
59 398
59 400
59 406
59 412
59 429
59 450
59 454
59 455
59 469
59 488
59 502
59 506
59 513
59 517
59 528
59 536
59 537
59 545
59 549
59 562
59 566
59 577
59 586
59 587
60 65
60 107
60 110
60 119
60 138
60 148
60 166
60 179
60 185
60 192
60 218
60 220
60 236
60 254
60 269
60 270
60 339
60 348
60 350
60 369
60 371
60 374
60 385
60 453
60 593
60 598
61 79
61 85
61 150
61 156
61 167
61 188
61 192
61 194
61 216
61 221
61 248
61 257
61 292
61 315
61 342
61 365
61 409
61 431
61 433
61 448
61 450
61 452
61 458
61 505
61 523
61 550
61 556
61 559
61 588
61 595
62 70
62 75
62 83
62 87
62 112
62 117
62 119
62 120
62 151
62 188
62 232
62 247
62 267
62 277
62 339
62 365
62 370
62 384
62 396
62 421
62 450
62 462
62 480
62 487
62 534
62 551
62 577
62 579
62 582
62 583
62 588
62 592
63 87
63 132
63 145
63 152
63 189
63 209
63 277
63 281
63 291
63 306
63 338
63 341
63 348
63 352
63 395
63 399
63 430
63 466
63 468
63 476
63 480
63 491
63 503
63 504
63 522
63 553
64 70
64 71
64 84
64 127
64 132
64 140
64 177
64 184
64 188
64 254
64 262
64 271
64 273
64 274
64 277
64 283
64 342
64 355
64 361
64 369
64 379
64 380
64 386
64 395
64 437
64 447
64 450
64 460
64 488
64 538
64 587
64 595
64 598
65 72
65 74
65 106
65 109
65 116
65 152
65 156
65 191
65 207
65 218
65 226
65 231
65 237
65 243
65 247
65 273
65 276
65 295
65 309
65 312
65 345
65 398
65 404
65 407
65 436
65 457
65 462
65 475
65 522
65 544
65 546
65 547
65 556
65 580
66 91
66 92
66 113
66 162
66 168
66 169
66 173
66 214
66 266
66 293
66 320
66 327
66 344
66 350
66 357
66 359
66 371
66 372
66 380
66 433
66 463
66 486
66 501
66 502
66 509
66 529
66 539
66 571
66 576
66 587
66 588
66 595
67 88
67 102
67 113
67 136
67 144
67 150
67 192
67 235
67 237
67 290
67 296
67 302
67 307
67 310
67 319
67 335
67 341
67 377
67 414
67 415
67 443
67 456
67 501
67 509
67 519
67 523
67 528
67 580
67 591
67 595
68 71
68 72
68 86
68 116
68 144
68 161
68 167
68 206
68 217
68 232
68 234
68 252
68 256
68 295
68 381
68 407
68 412
68 413
68 456
68 474
68 476
68 495
68 513
68 514
68 540
68 561
68 584
68 588
68 596
69 77
69 87
69 88
69 100
69 128
69 149
69 151
69 155
69 180
69 195
69 210
69 230
69 234
69 265
69 274
69 281
69 336
69 352
69 353
69 362
69 364
69 376
69 397
69 418
69 422
69 437
69 444
69 445
69 450
69 463
69 471
69 473
69 488
69 493
69 512
69 522
69 558
69 574
70 106
70 128
70 150
70 170
70 204
70 210
70 226
70 228
70 269
70 271
70 276
70 342
70 348
70 372
70 374
70 413
70 434
70 443
70 467
70 479
70 483
70 491
70 496
70 506
70 518
70 546
70 556
70 578
70 581
70 594
71 72
71 82
71 96
71 107
71 133
71 136
71 138
71 144
71 177
71 195
71 197
71 264
71 265
71 289
71 301
71 326
71 340
71 380
71 384
71 429
71 468
71 488
71 501
71 528
71 541
71 543
71 558
71 560
71 569
71 570
71 584
71 597
72 113
72 117
72 119
72 167
72 179
72 194
72 210
72 214
72 243
72 244
72 251
72 268
72 283
72 302
72 307
72 315
72 327
72 329
72 332
72 338
72 341
72 368
72 384
72 421
72 458
72 487
72 491
72 536
72 549
72 550
73 81
73 105
73 109
73 127
73 128
73 134
73 180
73 204
73 225
73 244
73 249
73 282
73 287
73 297
73 316
73 318
73 323
73 331
73 339
73 341
73 348
73 358
73 365
73 393
73 401
73 415
73 416
73 437
73 464
73 539
73 562
74 75
74 90
74 109
74 146
74 174
74 191
74 210
74 237
74 268
74 276
74 279
74 288
74 300
74 301
74 350
74 403
74 413
74 423
74 435
74 451
74 455
74 480
74 489
74 495
74 503
74 517
74 558
74 562
74 573
74 577
74 580
75 77
75 90
75 119
75 129
75 182
75 242
75 395
75 438
75 447
75 467
75 471
75 484
75 487
75 494
75 495
75 518
75 519
75 539
75 559
75 568
76 79
76 80
76 125
76 127
76 154
76 156
76 163
76 177
76 221
76 226
76 326
76 331
76 336
76 360
76 375
76 384
76 393
76 406
76 465
76 477
76 480
76 503
76 510
76 514
76 527
76 549
76 557
76 575
76 582
76 596
76 597
77 80
77 136
77 193
77 194
77 196
77 200
77 244
77 254
77 258
77 266
77 293
77 294
77 319
77 333
77 334
77 347
77 361
77 383
77 402
77 415
77 450
77 459
77 500
77 510
77 512
77 532
77 565
77 575
78 79
78 86
78 87
78 93
78 126
78 128
78 137
78 141
78 186
78 203
78 207
78 213
78 217
78 271
78 277
78 286
78 290
78 292
78 305
78 342
78 361
78 366
78 373
78 435
78 471
78 478
78 506
78 555
78 561
78 572
79 89
79 101
79 163
79 176
79 197
79 202
79 219
79 226
79 244
79 255
79 266
79 296
79 298
79 329
79 348
79 351
79 367
79 369
79 384
79 444
79 446
79 471
79 492
79 524
79 565
80 95
80 96
80 112
80 137
80 138
80 154
80 166
80 223
80 295
80 312
80 339
80 359
80 362
80 377
80 382
80 456
80 468
80 480
80 521
80 528
80 560
80 581
81 91
81 97
81 116
81 122
81 135
81 140
81 157
81 160
81 161
81 162
81 191
81 223
81 243
81 254
81 262
81 267
81 268
81 271
81 280
81 299
81 304
81 311
81 318
81 347
81 362
81 382
81 385
81 395
81 428
81 445
81 474
81 476
81 486
81 497
81 516
81 519
81 524
81 550
81 558
81 572
81 587
81 595
82 146
82 163
82 191
82 197
82 204
82 230
82 241
82 250
82 253
82 272
82 278
82 296
82 315
82 324
82 347
82 360
82 375
82 429
82 449
82 464
82 467
82 513
82 528
82 577
82 589
83 98
83 116
83 153
83 162
83 184
83 186
83 197
83 202
83 203
83 206
83 216
83 228
83 233
83 254
83 284
83 318
83 321
83 324
83 334
83 404
83 482
83 502
83 513
83 549
83 563
84 92
84 102
84 126
84 131
84 134
84 140
84 143
84 165
84 188
84 190
84 219
84 249
84 251
84 252
84 262
84 295
84 308
84 317
84 339
84 353
84 383
84 413
84 421
84 429
84 434
84 446
84 466
84 475
84 480
84 523
84 529
84 537
84 553
84 572
84 593
85 93
85 144
85 150
85 162
85 163
85 190
85 199
85 220
85 245
85 256
85 281
85 286
85 297
85 304
85 305
85 320
85 359
85 364
85 453
85 474
85 482
85 487
85 500
85 503
85 532
85 576
86 110
86 112
86 114
86 115
86 125
86 174
86 188
86 192
86 194
86 245
86 250
86 278
86 290
86 296
86 299
86 359
86 363
86 367
86 381
86 388
86 423
86 439
86 451
86 461
86 466
86 523
86 563
86 566
87 88
87 131
87 141
87 148
87 169
87 189
87 196
87 226
87 235
87 237
87 239
87 263
87 264
87 297
87 298
87 304
87 321
87 332
87 406
87 408
87 413
87 437
87 519
87 530
87 598
88 91
88 96
88 135
88 146
88 151
88 152
88 201
88 211
88 230
88 247
88 252
88 290
88 336
88 340
88 351
88 359
88 369
88 374
88 383
88 448
88 477
88 505
88 547
88 548
88 584
89 94
89 124
89 169
89 205
89 209
89 224
89 225
89 229
89 304
89 323
89 329
89 355
89 356
89 413
89 424
89 425
89 452
89 498
89 500
89 509
89 524
89 545
89 568
89 570
89 578
89 588
89 592
90 127
90 151
90 160
90 174
90 185
90 252
90 262
90 298
90 307
90 336
90 393
90 419
90 432
90 458
90 499
90 510
90 516
90 523
90 526
90 529
90 536
90 552
90 557
90 585
91 124
91 170
91 195
91 231
91 239
91 252
91 263
91 292
91 299
91 366
91 376
91 415
91 417
91 421
91 442
91 477
91 497
91 537
91 566
91 579
91 584
91 596
92 94
92 99
92 101
92 213
92 282
92 290
92 314
92 315
92 363
92 367
92 373
92 380
92 399
92 414
92 447
92 456
92 472
92 492
92 493
92 510
92 556
92 557
92 561
92 581
92 586
93 100
93 125
93 129
93 157
93 286
93 300
93 305
93 311
93 330
93 338
93 395
93 397
93 402
93 413
93 465
93 489
93 512
93 514
93 550
93 573
93 577
93 581
93 599
94 97
94 136
94 142
94 143
94 166
94 167
94 168
94 175
94 178
94 193
94 200
94 215
94 223
94 237
94 284
94 287
94 312
94 333
94 347
94 349
94 389
94 401
94 407
94 408
94 414
94 429
94 465
94 477
94 502
94 508
94 551
94 559
94 574
94 583
94 584
94 585
94 587
95 117
95 119
95 153
95 177
95 181
95 195
95 206
95 208
95 210
95 222
95 228
95 241
95 245
95 286
95 305
95 336
95 371
95 372
95 426
95 427
95 444
95 465
95 497
95 499
95 524
95 536
95 539
95 553
95 555
95 574
95 578
95 590
95 598
96 107
96 117
96 126
96 149
96 162
96 163
96 169
96 170
96 190
96 230
96 232
96 250
96 257
96 262
96 317
96 318
96 324
96 325
96 349
96 350
96 358
96 361
96 386
96 411
96 456
96 473
96 504
96 567
96 570
96 577
96 591
97 116
97 129
97 148
97 183
97 184
97 194
97 207
97 215
97 228
97 239
97 254
97 262
97 267
97 270
97 298
97 323
97 342
97 349
97 390
97 397
97 401
97 416
97 459
97 493
97 514
97 515
97 516
97 575
97 582
98 106
98 130
98 136
98 142
98 152
98 184
98 200
98 210
98 218
98 226
98 260
98 266
98 280
98 287
98 312
98 318
98 369
98 405
98 418
98 438
98 484
98 492
98 499
98 504
98 564
98 586
99 104
99 114
99 117
99 127
99 151
99 163
99 169
99 171
99 224
99 230
99 237
99 257
99 267
99 297
99 357
99 366
99 417
99 451
99 549
99 551
100 107
100 115
100 135
100 150
100 152
100 156
100 158
100 175
100 186
100 212
100 259
100 273
100 278
100 280
100 289
100 350
100 417
100 419
100 445
100 448
100 460
100 512
100 530
100 552
100 587
101 107
101 114
101 137
101 190
101 195
101 209
101 228
101 229
101 332
101 344
101 360
101 379
101 422
101 429
101 432
101 433
101 558
101 561
101 579
101 595
102 105
102 115
102 121
102 124
102 135
102 144
102 159
102 186
102 214
102 226
102 233
102 256
102 278
102 279
102 288
102 309
102 312
102 314
102 318
102 356
102 373
102 377
102 385
102 416
102 421
102 430
102 436
102 457
102 465
102 486
102 490
102 491
102 518
103 109
103 127
103 142
103 165
103 166
103 196
103 209
103 221
103 245
103 342
103 349
103 486
103 500
103 524
103 568
103 585
103 590
104 106
104 121
104 127
104 153
104 196
104 250
104 272
104 293
104 345
104 365
104 435
104 453
104 464
104 479
104 494
104 531
104 540
104 550
104 561
104 582
104 599
105 185
105 191
105 193
105 230
105 235
105 243
105 262
105 318
105 327
105 341
105 361
105 368
105 421
105 432
105 453
105 492
105 493
105 532
105 553
105 556
105 564
105 567
105 574
106 124
106 131
106 133
106 143
106 151
106 163
106 169
106 174
106 214
106 220
106 249
106 286
106 301
106 354
106 364
106 382
106 387
106 405
106 442
106 472
106 483
106 515
106 523
106 536
106 552
106 567
106 570
106 592
106 593
106 597
106 599
107 109
107 155
107 211
107 217
107 222
107 226
107 228
107 249
107 288
107 330
107 346
107 352
107 387
107 391
107 411
107 420
107 424
107 439
107 534
107 542
107 552
107 560
107 562
107 571
107 575
108 132
108 159
108 172
108 263
108 309
108 325
108 337
108 350
108 351
108 356
108 390
108 416
108 432
108 445
108 448
108 453
108 456
108 469
108 472
108 492
108 498
108 582
108 595
109 144
109 231
109 290
109 295
109 298
109 305
109 322
109 341
109 342
109 346
109 347
109 357
109 374
109 397
109 409
109 435
109 446
109 460
109 498
109 503
109 506
109 507
109 515
109 590
109 592
110 118
110 130
110 149
110 199
110 212
110 227
110 244
110 254
110 266
110 276
110 309
110 334
110 348
110 351
110 365
110 366
110 408
110 413
110 426
110 440
110 445
110 456
110 482
110 484
110 489
110 491
110 503
110 537
110 555
110 558
110 581
111 129
111 138
111 174
111 223
111 273
111 274
111 326
111 341
111 358
111 371
111 372
111 399
111 415
111 460
111 472
111 491
111 519
111 520
111 524
111 529
111 543
112 118
112 144
112 150
112 166
112 188
112 209
112 276
112 279
112 303
112 307
112 343
112 352
112 355
112 364
112 370
112 375
112 376
112 395
112 396
112 398
112 418
112 428
112 438
112 453
112 454
112 458
112 479
112 480
112 493
112 524
112 537
112 585
113 142
113 150
113 181
113 193
113 213
113 217
113 234
113 290
113 327
113 348
113 363
113 368
113 373
113 420
113 435
113 482
113 489
113 512
113 513
113 528
113 545
113 571
113 578
113 596
114 132
114 151
114 163
114 175
114 213
114 246
114 249
114 276
114 283
114 289
114 311
114 346
114 356
114 374
114 393
114 401
114 428
114 437
114 505
114 508
114 511
114 533
114 540
114 584
114 594
114 596
115 169
115 170
115 201
115 207
115 224
115 229
115 235
115 239
115 250
115 257
115 287
115 311
115 342
115 344
115 368
115 403
115 428
115 433
115 436
115 450
115 452
115 454
115 457
115 461
115 476
115 485
115 487
115 510
115 511
115 532
115 544
115 549
115 561
115 562
116 124
116 126
116 137
116 157
116 158
116 190
116 235
116 237
116 247
116 262
116 273
116 280
116 308
116 316
116 363
116 371
116 401
116 429
116 436
116 451
116 477
116 493
116 502
116 522
116 528
116 544
116 546
116 565
116 578
116 590
117 127
117 144
117 184
117 198
117 234
117 254
117 276
117 323
117 324
117 389
117 391
117 409
117 411
117 414
117 455
117 462
117 478
117 480
117 484
117 485
117 487
117 489
117 518
117 524
117 544
118 120
118 133
118 178
118 190
118 204
118 210
118 226
118 243
118 280
118 283
118 321
118 331
118 339
118 434
118 441
118 442
118 478
118 484
118 490
118 506
118 523
118 530
118 554
118 570
118 599
119 151
119 184
119 194
119 212
119 286
119 295
119 300
119 344
119 353
119 366
119 371
119 393
119 407
119 440
119 470
119 511
119 547
120 152
120 167
120 199
120 227
120 247
120 255
120 266
120 290
120 295
120 303
120 306
120 320
120 357
120 360
120 392
120 406
120 412
120 427
120 437
120 491
120 507
120 533
120 568
120 572
121 132
121 157
121 170
121 211
121 218
121 236
121 314
121 325
121 329
121 348
121 381
121 382
121 388
121 421
121 426
121 430
121 443
121 473
121 475
121 485
121 519
121 561
121 573
121 579
121 590
122 152
122 181
122 204
122 260
122 296
122 323
122 326
122 335
122 338
122 344
122 369
122 429
122 447
122 493
122 532
122 557
122 579
122 591
122 596
123 146
123 158
123 181
123 194
123 208
123 238
123 306
123 324
123 332
123 346
123 347
123 348
123 350
123 381
123 397
123 401
123 417
123 473
123 488
123 489
124 142
124 213
124 261
124 283
124 284
124 285
124 304
124 315
124 337
124 349
124 352
124 370
124 408
124 415
124 423
124 428
124 434
124 454
124 459
124 478
124 479
124 497
124 503
124 508
124 516
124 523
124 532
124 590
124 594
125 143
125 148
125 161
125 163
125 189
125 226
125 228
125 256
125 258
125 304
125 335
125 340
125 341
125 348
125 407
125 421
125 439
125 458
125 463
125 476
125 479
125 485
125 492
125 521
125 559
125 592
126 163
126 168
126 185
126 218
126 220
126 267
126 274
126 289
126 290
126 306
126 312
126 338
126 352
126 355
126 365
126 389
126 392
126 415
126 419
126 480
126 497
126 502
126 516
126 571
126 591
127 130
127 145
127 175
127 176
127 192
127 195
127 196
127 199
127 211
127 242
127 248
127 258
127 285
127 295
127 301
127 303
127 307
127 380
127 432
127 479
127 494
127 508
127 532
127 542
127 547
127 562
127 567
127 580
127 583
128 136
128 166
128 212
128 254
128 298
128 317
128 347
128 351
128 353
128 367
128 434
128 466
128 475
128 517
128 540
128 544
128 545
128 577
129 133
129 137
129 153
129 171
129 206
129 212
129 217
129 222
129 232
129 241
129 265
129 278
129 303
129 324
129 361
129 365
129 374
129 386
129 387
129 408
129 435
129 448
129 454
129 472
129 490
129 505
129 509
129 552
129 569
129 579
129 584
130 155
130 172
130 177
130 178
130 193
130 221
130 260
130 292
130 297
130 314
130 361
130 404
130 414
130 415
130 452
130 489
130 505
130 569
130 597
131 139
131 153
131 199
131 216
131 272
131 274
131 289
131 307
131 314
131 318
131 321
131 355
131 365
131 390
131 403
131 417
131 429
131 463
131 530
131 533
131 541
131 560
131 571
132 134
132 155
132 158
132 172
132 212
132 239
132 246
132 259
132 266
132 289
132 305
132 318
132 350
132 354
132 358
132 365
132 386
132 445
132 472
132 509
132 511
132 542
132 560
132 566
132 567
132 568
132 571
132 582
133 168
133 182
133 189
133 227
133 234
133 238
133 253
133 261
133 316
133 317
133 318
133 319
133 323
133 330
133 338
133 364
133 388
133 396
133 429
133 430
133 446
133 482
133 493
133 512
133 528
133 538
134 168
134 185
134 209
134 219
134 237
134 251
134 281
134 307
134 368
134 396
134 403
134 413
134 441
134 450
134 458
134 464
134 465
134 499
134 516
134 517
134 536
134 567
134 585
134 598
135 146
135 151
135 162
135 178
135 183
135 190
135 194
135 217
135 224
135 233
135 237
135 250
135 252
135 268
135 326
135 336
135 344
135 368
135 402
135 410
135 442
135 456
135 457
135 497
135 531
135 538
135 559
135 580
135 597
136 193
136 201
136 204
136 220
136 245
136 247
136 289
136 295
136 311
136 337
136 340
136 351
136 383
136 393
136 403
136 405
136 413
136 462
136 477
136 556
136 564
137 137
137 142
137 154
137 202
137 235
137 288
137 305
137 317
137 319
137 342
137 350
137 359
137 372
137 395
137 416
137 425
137 432
137 493
137 497
137 511
137 518
137 524
137 537
137 557
137 578
137 587
137 591
137 595
138 139
138 176
138 209
138 214
138 222
138 238
138 264
138 291
138 305
138 364
138 374
138 403
138 416
138 417
138 450
138 516
138 550
138 559
139 159
139 169
139 187
139 214
139 219
139 225
139 228
139 251
139 269
139 282
139 336
139 349
139 378
139 384
139 419
139 424
139 434
139 500
139 501
139 519
139 564
139 590
140 164
140 203
140 242
140 247
140 250
140 256
140 278
140 287
140 289
140 303
140 306
140 330
140 338
140 353
140 381
140 412
140 429
140 452
140 478
140 484
140 489
140 506
140 513
140 517
140 518
140 522
140 532
140 566
140 580
140 595
140 598
140 599
141 159
141 160
141 204
141 244
141 312
141 327
141 348
141 360
141 412
141 430
141 431
141 436
141 444
141 489
141 495
141 502
141 527
141 533
141 546
141 550
142 171
142 176
142 199
142 222
142 223
142 243
142 259
142 273
142 284
142 307
142 325
142 331
142 335
142 343
142 347
142 363
142 365
142 371
142 386
142 388
142 395
142 405
142 420
142 429
142 433
142 454
142 459
142 489
142 505
142 516
142 530
142 542
143 199
143 207
143 238
143 267
143 301
143 309
143 353
143 356
143 387
143 410
143 417
143 437
143 455
143 479
143 498
143 517
143 525
143 531
143 566
143 570
143 575
143 598
144 148
144 179
144 197
144 231
144 240
144 243
144 249
144 254
144 267
144 277
144 278
144 306
144 308
144 336
144 349
144 357
144 376
144 380
144 387
144 392
144 403
144 405
144 468
144 489
144 511
144 519
144 533
144 560
144 576
145 163
145 164
145 193
145 222
145 266
145 319
145 325
145 355
145 371
145 377
145 384
145 397
145 434
145 443
145 475
145 494
145 543
145 558
145 563
146 192
146 193
146 196
146 271
146 339
146 367
146 377
146 392
146 394
146 436
146 479
146 480
146 496
146 513
146 566
146 571
147 198
147 231
147 261
147 271
147 280
147 295
147 307
147 339
147 341
147 353
147 367
147 400
147 414
147 429
147 452
147 472
147 508
147 509
147 555
147 573
148 164
148 225
148 240
148 248
148 254
148 258
148 273
148 298
148 315
148 317
148 329
148 458
148 479
148 484
148 496
148 509
148 540
148 546
148 570
148 580
148 582
149 154
149 173
149 192
149 199
149 201
149 207
149 228
149 231
149 232
149 252
149 262
149 316
149 319
149 322
149 338
149 357
149 403
149 410
149 415
149 419
149 423
149 431
149 473
149 508
149 519
149 520
149 527
149 540
149 549
149 569
149 589
150 159
150 168
150 173
150 185
150 196
150 214
150 236
150 240
150 265
150 273
150 297
150 304
150 316
150 321
150 329
150 332
150 341
150 372
150 388
150 408
150 409
150 455
150 464
150 479
150 480
150 484
150 496
150 501
150 518
150 521
150 533
150 555
150 562
150 575
150 577
151 191
151 213
151 237
151 238
151 249
151 279
151 304
151 327
151 337
151 360
151 368
151 377
151 384
151 396
151 401
151 417
151 430
151 439
151 455
151 495
151 511
151 534
151 539
151 548
151 553
151 592
151 596
152 171
152 176
152 186
152 189
152 202
152 205
152 210
152 241
152 263
152 264
152 277
152 315
152 363
152 369
152 379
152 381
152 386
152 393
152 409
152 423
152 460
152 494
152 514
152 517
152 526
152 563
153 172
153 215
153 227
153 243
153 287
153 289
153 328
153 332
153 335
153 357
153 358
153 365
153 371
153 417
153 425
153 434
153 530
153 543
153 546
153 547
153 550
153 558
153 593
154 212
154 221
154 224
154 229
154 243
154 246
154 306
154 315
154 320
154 328
154 392
154 402
154 413
154 460
154 488
154 502
154 517
154 524
154 585
154 589
155 231
155 255
155 320
155 334
155 354
155 373
155 388
155 392
155 399
155 519
155 538
155 546
155 575
155 582
155 593
156 183
156 243
156 277
156 290
156 293
156 308
156 313
156 314
156 316
156 329
156 337
156 341
156 350
156 371
156 391
156 443
156 480
156 506
156 513
156 529
156 538
156 544
156 588
156 593
156 595
157 160
157 178
157 213
157 268
157 280
157 293
157 301
157 311
157 321
157 345
157 411
157 412
157 438
157 440
157 444
157 451
157 455
157 462
157 474
157 475
157 502
157 525
157 560
157 567
158 162
158 171
158 173
158 185
158 197
158 198
158 206
158 235
158 291
158 327
158 341
158 357
158 412
158 414
158 418
158 451
158 472
158 474
158 494
158 501
158 518
158 558
158 562
158 564
158 574
159 181
159 197
159 201
159 213
159 221
159 224
159 234
159 266
159 271
159 273
159 280
159 296
159 299
159 301
159 335
159 358
159 375
159 380
159 397
159 398
159 434
159 437
159 455
159 464
159 472
159 482
159 515
159 536
160 177
160 212
160 218
160 226
160 227
160 267
160 308
160 318
160 349
160 351
160 377
160 400
160 406
160 480
160 523
160 525
160 531
160 547
160 548
160 560
160 574
160 585
160 593
161 207
161 226
161 238
161 261
161 281
161 290
161 298
161 301
161 313
161 318
161 326
161 331
161 343
161 351
161 359
161 360
161 391
161 397
161 399
161 409
161 437
161 461
161 463
161 553
161 592
161 596
162 162
162 190
162 203
162 213
162 223
162 271
162 272
162 279
162 352
162 366
162 372
162 388
162 389
162 394
162 409
162 417
162 423
162 464
162 466
162 499
162 503
162 536
162 545
162 549
162 575
163 163
163 169
163 181
163 200
163 254
163 297
163 313
163 314
163 321
163 350
163 362
163 366
163 370
163 384
163 388
163 424
163 439
163 445
163 451
163 457
163 461
163 491
163 492
163 501
163 572
163 590
164 190
164 230
164 250
164 269
164 276
164 298
164 325
164 342
164 350
164 355
164 366
164 376
164 429
164 434
164 469
164 480
164 492
164 495
164 522
164 525
164 535
164 557
164 579
165 169
165 228
165 236
165 251
165 279
165 294
165 303
165 313
165 343
165 345
165 353
165 357
165 362
165 366
165 382
165 397
165 469
165 510
165 548
166 185
166 210
166 217
166 222
166 228
166 229
166 264
166 312
166 329
166 351
166 359
166 362
166 376
166 387
166 388
166 429
166 437
166 450
166 464
166 473
166 484
166 487
166 507
166 528
166 542
166 560
166 583
166 592
166 599
167 175
167 179
167 187
167 191
167 193
167 220
167 251
167 271
167 289
167 305
167 319
167 341
167 350
167 352
167 361
167 413
167 416
167 441
167 451
167 460
167 465
167 497
167 518
167 561
167 570
167 574
167 596
168 193
168 203
168 232
168 237
168 271
168 280
168 287
168 322
168 334
168 352
168 358
168 361
168 367
168 374
168 387
168 401
168 425
168 468
168 472
168 495
168 533
168 543
168 556
168 593
169 185
169 207
169 244
169 256
169 271
169 296
169 299
169 328
169 360
169 370
169 379
169 380
169 382
169 390
169 404
169 431
169 447
169 449
169 455
169 481
169 521
169 566
169 577
169 581
169 596
170 183
170 202
170 210
170 234
170 235
170 242
170 298
170 307
170 313
170 342
170 363
170 417
170 433
170 459
170 464
170 471
170 474
170 495
170 511
170 518
170 549
170 558
170 559
170 599
171 172
171 190
171 261
171 285
171 291
171 292
171 300
171 318
171 337
171 339
171 340
171 342
171 347
171 356
171 401
171 405
171 409
171 415
171 421
171 440
171 460
171 464
171 511
171 524
171 543
171 564
171 569
172 173
172 178
172 229
172 230
172 239
172 242
172 257
172 275
172 276
172 367
172 382
172 383
172 396
172 397
172 420
172 452
172 470
172 497
172 512
172 536
172 565
172 575
172 583
172 590
173 175
173 178
173 187
173 228
173 236
173 284
173 296
173 310
173 316
173 318
173 327
173 331
173 339
173 355
173 369
173 426
173 427
173 437
173 448
173 463
173 493
173 503
173 522
173 541
173 542
173 578
174 255
174 260
174 278
174 294
174 298
174 300
174 316
174 340
174 351
174 370
174 377
174 378
174 403
174 417
174 427
174 430
174 470
174 478
174 494
174 517
174 519
174 524
174 532
174 547
174 550
174 588
175 193
175 236
175 306
175 324
175 328
175 333
175 340
175 344
175 345
175 364
175 383
175 393
175 417
175 427
175 465
175 468
175 496
175 502
175 536
175 546
175 550
176 204
176 233
176 250
176 300
176 313
176 366
176 450
176 464
176 467
176 468
176 486
176 488
176 514
176 533
176 545
176 554
176 558
177 186
177 187
177 197
177 199
177 229
177 248
177 297
177 317
177 342
177 349
177 350
177 370
177 393
177 411
177 424
177 456
177 475
177 480
177 519
177 539
177 556
177 580
178 196
178 212
178 248
178 274
178 279
178 284
178 352
178 361
178 364
178 403
178 425
178 455
178 464
178 468
178 469
178 500
178 521
178 530
178 535
178 555
179 207
179 227
179 230
179 240
179 247
179 253
179 298
179 299
179 339
179 374
179 397
179 408
179 447
179 489
179 502
179 511
179 515
179 517
179 562
179 563
179 592
180 188
180 190
180 195
180 218
180 257
180 269
180 278
180 279
180 295
180 307
180 310
180 353
180 365
180 428
180 430
180 436
180 459
180 471
180 489
180 491
180 492
180 497
180 512
180 514
180 526
180 554
180 562
180 596
181 211
181 213
181 234
181 238
181 244
181 261
181 283
181 294
181 295
181 374
181 398
181 402
181 410
181 435
181 475
181 482
181 484
181 500
181 530
181 562
181 586
181 598
182 214
182 219
182 244
182 246
182 277
182 292
182 295
182 317
182 327
182 338
182 349
182 365
182 375
182 391
182 403
182 420
182 428
182 435
182 460
182 485
182 501
182 510
182 526
182 529
182 544
182 553
183 344
183 352
183 356
183 362
183 374
183 384
183 420
183 442
183 470
183 510
183 512
183 522
183 528
183 546
183 574
183 595
183 599
184 194
184 219
184 235
184 244
184 261
184 262
184 281
184 287
184 317
184 339
184 361
184 383
184 390
184 391
184 405
184 421
184 433
184 442
184 457
184 459
184 469
184 491
184 503
184 525
184 527
184 552
184 573
184 598
184 599
185 210
185 239
185 260
185 276
185 286
185 306
185 317
185 324
185 345
185 371
185 397
185 401
185 405
185 414
185 444
185 465
185 475
185 507
185 529
185 531
185 538
185 543
185 549
185 552
185 558
185 596
186 191
186 209
186 276
186 298
186 314
186 317
186 336
186 367
186 387
186 393
186 462
186 470
186 523
186 527
186 528
186 542
186 561
186 564
186 588
187 213
187 245
187 246
187 254
187 272
187 278
187 310
187 320
187 328
187 344
187 356
187 387
187 391
187 427
187 462
187 464
187 491
187 529
187 554
187 599
188 198
188 207
188 219
188 221
188 224
188 253
188 256
188 392
188 425
188 501
188 503
188 515
188 537
188 539
188 589
189 199
189 203
189 209
189 262
189 285
189 314
189 320
189 351
189 356
189 392
189 398
189 403
189 428
189 559
189 587
189 589
189 594
190 216
190 221
190 236
190 243
190 245
190 254
190 263
190 299
190 306
190 312
190 315
190 316
190 323
190 345
190 348
190 378
190 396
190 412
190 418
190 441
190 446
190 448
190 484
190 507
190 523
190 550
190 574
191 197
191 223
191 246
191 253
191 256
191 357
191 368
191 386
191 396
191 398
191 430
191 440
191 461
191 539
191 565
191 578
191 579
191 588
191 591
192 199
192 204
192 235
192 236
192 238
192 270
192 272
192 287
192 299
192 306
192 316
192 384
192 400
192 402
192 426
192 433
192 445
192 448
192 491
192 540
192 552
192 554
192 556
192 562
192 575
193 193
193 196
193 197
193 199
193 209
193 262
193 283
193 291
193 318
193 334
193 336
193 356
193 379
193 408
193 419
193 434
193 447
193 454
193 456
193 483
193 485
193 495
193 513
193 528
193 531
193 538
193 553
193 570
193 571
193 578
193 583
194 235
194 241
194 252
194 254
194 289
194 315
194 319
194 320
194 330
194 332
194 338
194 383
194 395
194 414
194 431
194 509
194 588
195 217
195 236
195 275
195 386
195 396
195 398
195 425
195 430
195 442
195 445
195 478
195 480
195 494
195 506
195 528
195 539
195 554
195 560
195 569
196 197
196 282
196 289
196 357
196 368
196 394
196 404
196 454
196 476
196 477
196 503
196 534
196 546
196 552
196 561
196 563
196 569
196 587
197 324
197 379
197 380
197 450
197 486
197 497
197 514
197 543
197 581
197 588
198 206
198 251
198 296
198 353
198 366
198 367
198 368
198 392
198 409
198 412
198 429
198 443
198 466
198 485
198 497
198 508
198 518
198 527
198 540
198 574
198 591
199 199
199 216
199 221
199 227
199 262
199 274
199 286
199 297
199 301
199 304
199 319
199 349
199 368
199 390
199 398
199 399
199 404
199 416
199 417
199 426
199 466
199 471
199 473
199 545
199 557
199 560
199 565
199 588
199 595
200 206
200 211
200 214
200 227
200 229
200 240
200 263
200 267
200 294
200 308
200 319
200 323
200 324
200 348
200 360
200 388
200 409
200 465
200 470
200 511
200 514
200 530
200 542
200 561
200 576
201 208
201 231
201 275
201 293
201 299
201 312
201 323
201 333
201 346
201 350
201 387
201 412
201 433
201 434
201 465
201 475
201 490
201 495
201 510
201 526
201 565
201 589
201 595
202 213
202 267
202 278
202 286
202 298
202 300
202 314
202 326
202 328
202 366
202 377
202 396
202 398
202 484
202 488
202 491
202 497
202 501
202 515
202 517
202 537
202 545
202 559
202 591
202 593
202 598
203 203
203 245
203 250
203 253
203 293
203 314
203 324
203 349
203 425
203 448
203 504
203 518
204 208
204 221
204 227
204 255
204 259
204 279
204 297
204 307
204 330
204 333
204 337
204 346
204 391
204 436
204 448
204 449
204 484
204 486
204 509
204 517
204 553
204 580
204 598
205 282
205 287
205 288
205 383
205 390
205 395
205 397
205 428
205 490
205 500
205 503
205 550
205 561
205 568
205 596
206 229
206 246
206 262
206 296
206 315
206 332
206 333
206 339
206 363
206 392
206 410
206 412
206 436
206 461
206 467
206 483
206 509
206 514
206 527
206 540
206 547
206 557
206 571
206 590
207 219
207 236
207 242
207 250
207 275
207 278
207 284
207 289
207 306
207 362
207 380
207 386
207 390
207 403
207 410
207 414
207 447
207 456
207 490
207 493
207 523
207 531
208 217
208 241
208 244
208 264
208 265
208 266
208 285
208 289
208 293
208 297
208 303
208 321
208 329
208 348
208 354
208 358
208 362
208 380
208 400
208 404
208 409
208 416
208 432
208 451
208 488
208 513
208 582
208 597
209 238
209 239
209 243
209 256
209 267
209 291
209 311
209 367
209 372
209 442
209 452
209 462
209 496
209 541
209 568
209 597
210 211
210 220
210 224
210 230
210 251
210 262
210 290
210 301
210 314
210 328
210 334
210 346
210 387
210 388
210 393
210 412
210 422
210 440
210 445
210 460
210 533
210 537
210 548
210 562
210 574
211 219
211 222
211 225
211 227
211 235
211 261
211 266
211 296
211 314
211 323
211 331
211 345
211 394
211 399
211 401
211 405
211 433
211 441
211 471
211 488
211 489
211 510
211 521
211 534
211 546
211 547
211 573
211 596
212 216
212 233
212 264
212 290
212 328
212 343
212 347
212 402
212 416
212 448
212 496
212 537
212 547
212 588
213 234
213 264
213 270
213 297
213 305
213 341
213 362
213 369
213 371
213 380
213 436
213 443
213 471
213 497
213 534
213 545
213 562
213 585
213 595
214 237
214 269
214 277
214 281
214 283
214 304
214 371
214 372
214 381
214 395
214 469
214 471
214 489
214 496
214 532
214 538
214 541
214 567
214 576
214 579
214 581
214 588
215 244
215 248
215 308
215 370
215 378
215 412
215 422
215 461
215 482
215 496
215 522
215 523
215 542
215 549
215 569
215 586
216 231
216 238
216 275
216 278
216 280
216 291
216 322
216 351
216 360
216 368
216 395
216 431
216 439
216 448
216 465
216 490
216 495
216 502
216 514
216 516
216 520
216 529
216 536
216 538
216 573
216 575
216 588
217 235
217 247
217 259
217 291
217 346
217 386
217 387
217 408
217 431
217 479
217 497
217 514
217 564
217 572
217 573
218 233
218 282
218 314
218 334
218 344
218 350
218 353
218 356
218 357
218 509
218 517
218 531
218 570
218 578
218 580
218 588
219 244
219 255
219 260
219 273
219 296
219 320
219 321
219 328
219 331
219 356
219 372
219 376
219 380
219 396
219 414
219 420
219 427
219 450
219 469
219 488
219 543
219 557
219 559
219 589
220 262
220 273
220 294
220 311
220 352
220 354
220 358
220 416
220 440
220 468
220 475
220 512
220 515
220 516
220 523
220 559
221 223
221 229
221 241
221 253
221 270
221 271
221 290
221 291
221 300
221 321
221 342
221 359
221 360
221 370
221 373
221 434
221 442
221 450
221 464
221 470
221 474
221 481
221 496
221 506
221 517
221 519
221 532
221 539
221 567
221 575
221 580
222 229
222 289
222 290
222 325
222 338
222 347
222 350
222 376
222 394
222 420
222 450
222 464
222 467
222 480
222 514
222 522
222 539
222 560
223 226
223 233
223 238
223 239
223 259
223 263
223 267
223 280
223 300
223 321
223 330
223 353
223 397
223 424
223 438
223 447
223 486
223 503
223 533
223 553
223 565
223 584
223 586
224 336
224 351
224 374
224 378
224 433
224 434
224 455
224 465
224 500
224 510
224 533
224 555
224 565
224 568
224 582
224 592
225 243
225 263
225 274
225 301
225 303
225 306
225 331
225 341
225 373
225 376
225 379
225 383
225 397
225 406
225 410
225 424
225 427
225 462
225 476
225 486
225 582
226 276
226 353
226 360
226 365
226 381
226 385
226 407
226 412
226 419
226 421
226 431
226 442
226 446
226 464
226 477
226 488
226 493
226 499
226 514
226 528
226 548
226 551
226 557
226 590
226 594
227 230
227 251
227 275
227 277
227 327
227 333
227 338
227 364
227 374
227 378
227 420
227 445
227 457
227 466
227 475
227 509
227 511
227 546
227 568
227 591
227 592
228 233
228 266
228 307
228 336
228 354
228 423
228 426
228 499
229 250
229 258
229 260
229 298
229 306
229 308
229 325
229 326
229 329
229 347
229 366
229 390
229 441
229 443
229 465
229 467
229 500
229 505
229 508
229 543
229 545
229 554
229 564
229 576
230 235
230 236
230 258
230 282
230 301
230 306
230 314
230 356
230 359
230 368
230 376
230 377
230 386
230 388
230 407
230 415
230 423
230 433
230 434
230 492
230 502
230 560
230 572
231 244
231 260
231 274
231 275
231 277
231 282
231 284
231 300
231 400
231 406
231 412
231 413
231 422
231 436
231 459
231 482
231 485
231 518
231 523
231 529
231 543
231 553
231 559
231 577
231 583
231 588
231 589
232 236
232 239
232 251
232 261
232 263
232 269
232 271
232 273
232 280
232 314
232 387
232 406
232 424
232 455
232 475
232 478
232 494
232 524
232 575
232 593
233 239
233 281
233 293
233 298
233 304
233 308
233 310
233 340
233 348
233 357
233 370
233 454
233 470
233 475
233 479
233 492
233 505
233 533
233 545
233 588
233 598
234 240
234 250
234 256
234 257
234 267
234 272
234 338
234 370
234 380
234 404
234 407
234 411
234 424
234 428
234 454
234 482
234 492
234 524
234 536
234 548
234 560
234 579
235 260
235 262
235 272
235 282
235 295
235 372
235 386
235 419
235 430
235 465
235 476
235 503
235 514
235 522
235 530
235 542
235 563
235 567
235 584
236 236
236 238
236 247
236 257
236 290
236 293
236 313
236 331
236 336
236 348
236 374
236 405
236 414
236 415
236 417
236 422
236 423
236 424
236 445
236 459
236 463
236 489
236 513
236 533
236 540
236 543
236 557
236 579
236 592
236 596
237 240
237 242
237 299
237 328
237 339
237 351
237 397
237 409
237 410
237 477
237 484
237 493
237 544
237 560
237 571
237 579
237 581
237 598
238 241
238 270
238 281
238 287
238 288
238 322
238 363
238 368
238 389
238 400
238 408
238 420
238 443
238 453
238 473
238 494
238 501
238 505
238 526
238 534
238 557
238 567
239 240
239 268
239 277
239 281
239 293
239 297
239 330
239 336
239 339
239 365
239 390
239 467
239 482
239 486
239 494
239 500
239 552
239 564
240 289
240 303
240 308
240 388
240 396
240 405
240 419
240 420
240 431
240 433
240 459
240 480
240 507
240 527
240 558
240 573
240 594
241 246
241 260
241 262
241 277
241 281
241 304
241 306
241 366
241 372
241 380
241 383
241 398
241 405
241 409
241 418
241 426
241 434
241 516
241 524
241 527
241 546
241 548
241 575
242 259
242 275
242 288
242 307
242 322
242 323
242 384
242 386
242 412
242 451
242 474
242 482
242 484
242 490
242 494
242 503
242 521
242 525
242 527
242 538
242 564
242 566
243 274
243 276
243 329
243 339
243 354
243 421
243 434
243 437
243 473
243 506
243 514
243 526
243 595
243 596
244 251
244 266
244 303
244 304
244 312
244 327
244 416
244 479
244 504
244 505
244 510
244 527
244 552
244 566
245 263
245 268
245 269
245 303
245 309
245 314
245 317
245 352
245 401
245 415
245 419
245 439
245 457
245 472
245 494
245 498
245 530
245 532
245 537
245 548
245 567
246 257
246 343
246 344
246 345
246 348
246 350
246 360
246 375
246 380
246 385
246 389
246 423
246 442
246 490
246 501
246 505
246 508
246 530
246 531
246 553
246 598
247 273
247 282
247 287
247 290
247 303
247 313
247 317
247 323
247 336
247 360
247 376
247 391
247 399
247 406
247 408
247 419
247 421
247 436
247 438
247 443
247 452
247 457
247 490
247 492
247 501
247 512
247 513
247 514
247 564
248 270
248 293
248 296
248 299
248 324
248 326
248 371
248 382
248 384
248 397
248 423
248 424
248 470
248 475
248 480
248 488
248 502
248 519
248 525
248 553
248 580
248 589
249 302
249 348
249 375
249 447
249 458
249 461
249 483
249 513
249 556
249 559
249 580
250 278
250 292
250 307
250 309
250 334
250 335
250 339
250 346
250 354
250 373
250 375
250 379
250 391
250 396
250 425
250 452
250 467
250 476
250 491
250 496
250 516
250 519
250 585
250 596
251 266
251 270
251 284
251 299
251 350
251 355
251 401
251 415
251 418
251 507
251 536
251 552
252 270
252 310
252 325
252 339
252 352
252 369
252 377
252 381
252 388
252 401
252 402
252 435
252 493
252 511
252 516
252 520
252 536
252 543
252 558
252 594
253 288
253 294
253 323
253 325
253 366
253 367
253 409
253 443
253 449
253 460
253 481
253 506
253 539
253 545
253 553
253 559
253 562
253 565
253 569
253 599
254 266
254 273
254 276
254 305
254 314
254 329
254 347
254 349
254 352
254 363
254 404
254 407
254 429
254 430
254 444
254 479
254 504
254 518
254 538
254 559
254 568
254 589
254 590
255 258
255 270
255 271
255 273
255 285
255 320
255 335
255 345
255 376
255 403
255 421
255 426
255 427
255 431
255 466
255 467
255 472
255 493
255 536
255 542
255 573
255 574
255 579
255 595
256 265
256 283
256 303
256 375
256 385
256 390
256 404
256 408
256 410
256 437
256 451
256 460
256 472
256 480
256 487
256 502
256 509
256 524
256 532
256 538
256 566
256 569
256 574
256 593
257 285
257 321
257 343
257 346
257 388
257 396
257 418
257 445
257 446
257 452
257 466
257 476
257 509
257 532
257 551
257 564
257 572
258 281
258 296
258 316
258 345
258 387
258 390
258 392
258 409
258 413
258 444
258 449
258 462
258 470
258 471
258 494
258 519
258 537
258 543
258 559
258 566
258 583
259 315
259 375
259 394
259 426
259 483
259 487
259 488
259 518
259 537
259 545
259 562
260 272
260 314
260 336
260 343
260 344
260 361
260 390
260 405
260 419
260 426
260 433
260 443
260 462
260 507
260 530
260 546
260 589
260 597
261 261
261 267
261 270
261 279
261 286
261 300
261 313
261 327
261 362
261 373
261 390
261 408
261 440
261 461
261 464
261 468
261 497
261 516
261 527
261 544
261 583
261 597
262 266
262 272
262 296
262 297
262 333
262 340
262 349
262 357
262 368
262 394
262 430
262 466
262 505
262 507
262 519
262 531
262 560
262 561
262 594
263 288
263 331
263 332
263 353
263 380
263 396
263 434
263 442
263 453
263 456
263 493
263 501
263 504
263 512
263 524
264 323
264 333
264 372
264 383
264 390
264 399
264 401
264 416
264 451
264 456
264 481
264 489
264 499
264 504
264 511
264 513
264 530
264 531
264 539
264 554
265 280
265 315
265 330
265 335
265 336
265 344
265 360
265 366
265 367
265 410
265 416
265 418
265 481
265 499
265 528
265 535
265 538
265 562
265 593
266 267
266 276
266 282
266 295
266 304
266 337
266 351
266 357
266 380
266 548
266 557
266 584
266 593
267 273
267 283
267 302
267 309
267 325
267 342
267 343
267 352
267 354
267 405
267 421
267 433
267 442
267 489
267 497
267 498
267 502
267 512
267 524
267 528
267 555
267 595
267 598
268 275
268 302
268 307
268 349
268 401
268 407
268 428
268 440
268 443
268 447
268 456
268 459
268 470
268 481
268 503
268 509
268 525
268 534
268 578
268 586
268 587
269 282
269 284
269 294
269 312
269 327
269 397
269 402
269 430
269 449
269 484
269 490
269 540
269 554
269 569
269 594
270 317
270 324
270 371
270 394
270 421
270 432
270 433
270 441
270 445
270 462
270 483
270 490
270 502
270 515
270 516
270 561
270 565
270 582
270 588
271 298
271 361
271 368
271 391
271 475
271 483
271 490
271 502
271 509
271 512
271 513
271 520
271 535
271 537
271 593
272 278
272 283
272 311
272 313
272 344
272 367
272 377
272 395
272 439
272 441
272 454
272 478
272 500
272 522
272 529
272 532
272 571
273 274
273 280
273 285
273 292
273 317
273 330
273 347
273 362
273 377
273 393
273 396
273 457
273 463
273 468
273 477
273 479
273 481
273 493
273 523
273 528
273 579
274 295
274 363
274 368
274 389
274 390
274 418
274 443
274 497
274 556
274 564
274 566
274 570
274 579
274 582
274 590
274 599
275 277
275 292
275 296
275 307
275 314
275 322
275 329
275 343
275 355
275 387
275 397
275 401
275 405
275 421
275 449
275 484
275 488
275 546
275 558
276 302
276 305
276 311
276 343
276 349
276 386
276 393
276 411
276 427
276 446
276 448
276 481
276 493
276 494
276 496
276 504
276 541
276 549
276 568
276 578
277 303
277 307
277 308
277 315
277 326
277 338
277 342
277 345
277 352
277 369
277 394
277 421
277 457
277 475
277 493
277 508
277 511
277 533
277 536
277 547
277 568
277 587
277 594
278 284
278 288
278 289
278 295
278 304
278 322
278 354
278 357
278 364
278 368
278 373
278 378
278 383
278 402
278 426
278 453
278 456
278 462
278 498
278 499
278 516
278 536
278 555
279 285
279 298
279 299
279 311
279 312
279 313
279 327
279 347
279 379
279 389
279 394
279 427
279 453
279 455
279 503
279 544
279 552
279 562
279 564
279 573
279 583
280 281
280 293
280 360
280 378
280 394
280 417
280 496
280 519
280 547
280 566
280 574
280 575
281 297
281 313
281 350
281 354
281 390
281 417
281 421
281 422
281 427
281 437
281 445
281 450
281 453
281 457
281 464
281 475
281 492
281 511
281 525
281 529
281 541
281 544
281 554
282 287
282 296
282 299
282 300
282 313
282 320
282 331
282 344
282 358
282 361
282 370
282 429
282 434
282 460
282 462
282 476
282 502
282 511
282 520
282 546
282 553
282 570
282 587
283 295
283 297
283 319
283 329
283 367
283 369
283 387
283 426
283 463
283 515
283 524
283 533
283 536
284 304
284 308
284 324
284 367
284 381
284 436
284 465
284 468
284 486
284 491
284 492
284 505
284 511
284 515
284 526
284 554
284 560
285 304
285 325
285 329
285 351
285 387
285 425
285 438
285 444
285 461
285 487
285 490
285 494
285 519
285 522
285 533
285 540
285 572
286 340
286 378
286 389
286 407
286 435
286 441
286 458
286 467
286 482
286 483
286 488
286 497
286 502
286 544
286 545
286 560
286 563
286 565
286 583
286 591
287 316
287 342
287 367
287 374
287 389
287 396
287 397
287 445
287 479
287 482
287 503
287 518
287 529
287 532
287 537
287 560
287 583
288 291
288 316
288 326
288 353
288 395
288 414
288 434
288 470
288 483
288 502
288 505
288 508
288 512
288 558
288 559
288 580
288 583
288 593
289 302
289 304
289 323
289 326
289 349
289 355
289 382
289 389
289 401
289 428
289 441
289 451
289 452
289 460
289 465
289 472
289 483
289 499
289 501
289 506
289 554
289 559
289 573
290 297
290 303
290 304
290 328
290 332
290 358
290 362
290 372
290 373
290 376
290 398
290 428
290 439
290 456
290 520
290 521
290 531
290 550
290 561
290 577
290 579
290 582
290 596
291 295
291 299
291 315
291 319
291 321
291 351
291 356
291 363
291 428
291 431
291 459
291 481
291 484
291 498
291 507
291 518
291 524
291 536
291 543
291 598
292 299
292 317
292 348
292 354
292 366
292 374
292 401
292 425
292 496
292 507
292 509
293 293
293 294
293 326
293 338
293 357
293 386
293 395
293 422
293 424
293 430
293 444
293 473
293 492
293 503
293 513
293 521
293 545
293 551
293 553
293 582
293 583
293 596
294 369
294 370
294 394
294 402
294 410
294 411
294 419
294 421
294 425
294 440
294 454
294 459
294 533
294 544
294 546
294 599
295 308
295 325
295 349
295 375
295 379
295 397
295 411
295 438
295 439
295 455
295 472
295 503
295 527
295 534
295 548
295 552
295 560
295 563
295 576
295 589
296 303
296 305
296 310
296 318
296 359
296 367
296 376
296 389
296 472
296 493
296 520
296 570
296 589
296 592
297 303
297 306
297 309
297 329
297 380
297 381
297 419
297 436
297 453
297 454
297 456
297 467
297 513
297 515
297 532
297 562
297 567
297 596
298 309
298 321
298 373
298 397
298 442
298 510
298 511
298 516
298 573
299 302
299 329
299 331
299 337
299 371
299 395
299 397
299 415
299 419
299 466
299 467
299 475
299 476
299 512
299 536
299 566
300 311
300 313
300 324
300 328
300 337
300 343
300 356
300 381
300 393
300 402
300 412
300 457
300 470
300 475
300 477
300 488
300 533
300 535
300 543
300 551
300 573
300 590
300 593
300 595
301 345
301 347
301 403
301 418
301 442
301 524
301 531
301 540
301 545
301 546
301 576
302 317
302 323
302 335
302 343
302 377
302 385
302 397
302 398
302 410
302 414
302 451
302 455
302 459
302 465
302 480
302 481
302 507
302 511
302 516
302 533
302 543
302 565
302 575
303 346
303 416
303 442
303 456
303 462
303 463
303 468
303 476
303 535
303 553
303 587
304 321
304 347
304 357
304 374
304 405
304 407
304 426
304 437
304 463
304 497
304 532
304 542
304 555
304 587
305 317
305 322
305 325
305 346
305 368
305 383
305 404
305 454
305 461
305 493
305 497
305 527
305 528
305 530
305 538
305 571
305 589
305 595
306 309
306 324
306 326
306 347
306 370
306 386
306 399
306 421
306 431
306 447
306 455
306 481
306 494
306 522
306 525
306 581
306 593
307 330
307 331
307 367
307 375
307 376
307 397
307 406
307 407
307 411
307 417
307 432
307 467
307 480
307 481
307 497
307 518
307 544
308 375
308 379
308 382
308 404
308 445
308 446
308 452
308 460
308 485
308 498
308 518
308 557
308 559
308 561
308 568
308 585
309 317
309 384
309 457
309 489
309 504
309 523
309 563
310 313
310 348
310 359
310 365
310 394
310 403
310 416
310 419
310 447
310 449
310 457
310 463
310 465
310 505
310 508
310 514
310 572
310 593
311 336
311 395
311 396
311 429
311 436
311 454
311 483
311 489
311 493
311 495
311 505
311 542
311 574
311 599
312 321
312 348
312 367
312 410
312 416
312 433
312 434
312 438
312 447
312 488
312 534
312 597
313 317
313 330
313 346
313 363
313 371
313 408
313 418
313 424
313 436
313 450
313 467
313 468
313 486
313 509
313 513
313 536
313 555
313 567
313 598
314 319
314 331
314 343
314 353
314 365
314 367
314 379
314 381
314 382
314 395
314 447
314 454
314 461
314 482
314 493
314 501
314 541
314 588
315 328
315 359
315 364
315 365
315 366
315 387
315 401
315 426
315 441
315 479
315 493
315 537
315 553
315 568
315 584
316 330
316 332
316 341
316 345
316 348
316 373
316 374
316 389
316 402
316 408
316 412
316 415
316 419
316 429
316 434
316 452
316 463
316 494
316 514
316 528
316 548
316 549
316 550
316 561
316 586
317 345
317 359
317 367
317 391
317 399
317 401
317 406
317 408
317 446
317 454
317 483
317 489
317 513
317 517
317 542
317 543
317 544
317 574
318 323
318 324
318 330
318 334
318 359
318 386
318 392
318 397
318 400
318 405
318 444
318 473
318 475
318 482
318 483
318 526
318 535
318 579
318 586
319 320
319 322
319 334
319 335
319 360
319 387
319 417
319 500
320 341
320 343
320 396
320 401
320 404
320 473
320 492
320 503
320 515
320 529
320 532
320 556
320 561
320 568
320 581
321 351
321 355
321 414
321 425
321 463
321 486
321 487
321 489
321 491
321 494
321 512
322 333
322 344
322 358
322 373
322 404
322 412
322 420
322 433
322 460
322 461
322 462
322 481
322 489
322 535
322 557
322 571
323 324
323 362
323 394
323 417
323 431
323 465
323 477
323 508
323 523
323 525
323 535
323 553
323 554
323 584
323 595
324 392
324 398
324 401
324 407
324 409
324 419
324 420
324 430
324 440
324 461
324 466
324 488
324 501
324 506
324 518
324 521
324 533
324 555
325 329
325 335
325 347
325 354
325 376
325 394
325 398
325 419
325 504
325 517
325 519
325 528
325 533
325 583
325 596
325 598
326 357
326 363
326 453
326 469
326 471
326 517
326 524
326 527
326 538
326 544
326 551
326 568
326 569
327 346
327 356
327 360
327 366
327 370
327 451
327 459
327 489
327 519
327 526
327 561
327 569
327 588
328 382
328 412
328 430
328 433
328 464
328 483
328 495
328 506
328 521
328 560
328 572
329 348
329 350
329 357
329 371
329 374
329 377
329 379
329 381
329 395
329 405
329 420
329 451
329 452
329 453
329 458
329 577
330 333
330 337
330 368
330 400
330 426
330 431
330 465
330 483
330 494
330 505
330 517
330 525
330 540
330 542
330 551
330 556
330 574
330 599
331 359
331 364
331 379
331 436
331 443
331 468
331 498
331 524
331 542
331 546
331 552
331 595
331 598
332 363
332 367
332 382
332 419
332 421
332 446
332 464
332 499
332 500
332 520
332 536
332 559
332 599
333 336
333 358
333 370
333 371
333 400
333 428
333 444
333 446
333 483
333 498
333 511
333 538
333 549
333 566
333 596
334 369
334 380
334 389
334 406
334 426
334 449
334 461
334 474
334 493
334 502
334 516
334 530
334 535
334 576
334 578
335 340
335 347
335 375
335 399
335 402
335 403
335 408
335 411
335 423
335 434
335 471
335 474
335 477
335 479
335 522
335 524
335 527
335 548
335 554
335 564
335 571
335 582
336 353
336 359
336 372
336 380
336 388
336 396
336 456
336 467
336 469
336 470
336 495
336 510
336 532
336 535
336 552
336 566
336 572
336 583
336 591
336 596
337 350
337 365
337 378
337 380
337 402
337 420
337 428
337 439
337 446
337 454
337 456
337 463
337 468
337 491
337 528
337 550
337 576
337 588
337 598
338 343
338 380
338 388
338 397
338 412
338 437
338 473
338 508
338 511
338 529
338 536
338 551
338 555
338 589
338 597
339 370
339 393
339 427
339 439
339 473
339 475
339 493
339 516
339 523
339 554
339 558
339 567
339 587
339 593
340 355
340 378
340 389
340 423
340 426
340 450
340 463
340 471
340 514
340 544
340 550
340 560
340 565
340 584
340 594
341 344
341 360
341 395
341 405
341 409
341 439
341 441
341 468
341 470
341 487
341 488
341 499
341 519
341 526
341 565
341 591
342 371
342 373
342 470
342 472
342 486
342 596
343 359
343 452
343 478
343 484
343 553
343 566
343 567
343 583
343 584
344 347
344 393
344 407
344 419
344 436
344 452
344 453
344 519
344 540
344 543
344 554
345 368
345 371
345 383
345 388
345 389
345 402
345 469
345 505
345 530
345 533
345 554
345 584
346 349
346 354
346 372
346 377
346 380
346 387
346 391
346 418
346 440
346 453
346 465
346 474
346 476
346 491
346 562
347 358
347 359
347 361
347 371
347 402
347 404
347 408
347 462
347 469
347 482
347 485
347 500
347 538
347 548
347 555
347 567
347 573
347 578
347 587
347 588
348 355
348 369
348 372
348 377
348 383
348 401
348 458
348 465
348 473
348 480
348 495
348 501
348 507
348 508
348 554
348 559
348 589
349 366
349 381
349 425
349 441
349 445
349 468
349 472
349 491
349 526
349 537
349 558
349 567
350 380
350 394
350 407
350 449
350 502
350 506
350 509
350 525
350 527
350 530
350 561
350 580
351 364
351 378
351 380
351 384
351 388
351 402
351 416
351 421
351 482
351 494
351 500
351 532
351 591
351 598
352 353
352 371
352 399
352 401
352 445
352 448
352 453
352 516
352 524
352 536
352 540
352 541
353 382
353 394
353 441
353 452
353 469
353 488
353 534
353 555
353 566
354 376
354 434
354 436
354 469
354 510
354 524
354 549
354 550
354 559
354 581
354 584
354 586
354 594
355 366
355 370
355 392
355 422
355 448
355 470
355 480
355 484
355 491
355 506
355 508
355 527
355 556
355 559
355 580
356 367
356 375
356 389
356 392
356 400
356 407
356 417
356 422
356 443
356 447
356 463
356 472
356 510
356 534
356 541
356 546
356 570
356 572
356 583
356 588
356 591
357 423
357 455
357 458
357 472
357 486
357 492
357 511
357 537
357 554
357 571
357 584
357 587
357 594
358 370
358 384
358 421
358 424
358 442
358 462
358 484
358 492
358 524
358 531
358 539
358 562
358 563
358 582
359 412
359 431
359 481
359 488
359 538
359 541
359 556
359 563
359 578
359 581
359 595
360 366
360 373
360 404
360 405
360 417
360 441
360 451
360 454
360 483
360 520
360 556
360 588
360 589
360 592
361 374
361 377
361 383
361 386
361 397
361 426
361 448
361 449
361 462
361 471
361 477
361 502
361 509
361 510
361 540
361 547
361 560
361 581
361 588
361 593
362 369
362 439
362 445
362 447
362 463
362 483
362 485
362 488
362 494
362 549
362 578
363 413
363 414
363 460
363 495
363 575
364 398
364 413
364 469
364 481
364 525
364 526
364 536
364 539
364 548
364 581
364 591
365 394
365 405
365 421
365 423
365 470
365 518
365 553
365 566
365 582
365 591
365 594
365 595
366 369
366 371
366 373
366 408
366 432
366 436
366 447
366 458
366 463
366 471
366 480
366 483
366 494
366 500
366 506
366 514
366 520
366 523
366 533
366 536
366 538
366 560
367 373
367 380
367 413
367 475
367 480
367 486
367 489
367 491
367 504
367 544
367 566
367 575
367 582
367 584
367 585
368 371
368 372
368 377
368 420
368 464
368 493
368 572
368 578
368 584
368 592
368 594
369 380
369 383
369 384
369 396
369 397
369 421
369 433
369 489
369 499
369 512
369 532
369 566
369 581
369 586
369 596
370 386
370 438
370 474
370 488
370 493
370 521
370 532
370 535
370 545
370 558
370 563
371 386
371 391
371 407
371 418
371 439
371 470
371 511
371 571
371 584
371 590
372 375
372 394
372 415
372 417
372 427
372 429
372 445
372 463
372 476
372 519
372 528
372 548
372 562
372 568
372 589
372 592
373 378
373 404
373 417
373 431
373 466
373 476
373 502
373 509
373 522
373 534
373 541
373 555
373 565
374 388
374 395
374 403
374 408
374 413
374 446
374 476
374 489
374 497
374 501
374 535
374 545
374 548
374 573
374 575
374 578
375 427
375 439
375 450
375 454
375 462
375 534
375 549
375 557
375 559
375 576
376 388
376 402
376 432
376 442
376 443
376 463
376 473
376 476
376 496
376 512
376 536
376 538
376 544
377 388
377 432
377 439
377 440
377 492
377 516
377 518
377 525
377 531
377 536
377 566
377 597
378 380
378 382
378 399
378 414
378 424
378 441
378 450
378 460
378 481
378 485
378 487
378 496
378 519
378 537
378 548
378 553
378 559
378 564
378 580
378 587
379 383
379 400
379 443
379 444
379 454
379 479
379 495
379 497
379 509
379 520
379 524
379 529
379 549
379 568
379 576
379 577
380 381
380 391
380 403
380 414
380 429
380 439
380 471
380 513
380 518
380 528
380 554
380 586
381 406
381 436
381 437
381 446
381 449
381 453
381 517
381 537
381 549
381 562
381 565
382 411
382 418
382 437
382 449
382 475
382 478
382 501
382 511
382 512
382 524
382 546
382 553
382 567
382 578
382 591
383 400
383 462
383 464
383 466
383 468
383 529
383 531
383 540
383 542
383 581
383 586
383 597
384 396
384 409
384 411
384 419
384 424
384 484
384 517
385 395
385 397
385 468
385 478
385 482
385 489
385 522
385 534
385 542
385 549
385 552
385 588
385 594
386 394
386 395
386 398
386 428
386 448
386 454
386 461
386 472
386 486
386 492
386 506
386 512
386 521
386 529
386 539
387 389
387 402
387 404
387 412
387 422
387 434
387 463
387 466
387 478
387 495
387 507
387 519
387 538
387 554
387 561
387 565
387 570
387 582
387 588
388 410
388 427
388 462
388 463
388 478
388 494
388 516
388 533
388 553
388 561
388 576
388 580
389 430
389 445
389 450
389 451
389 470
389 499
389 538
390 393
390 401
390 422
390 432
390 436
390 437
390 455
390 470
390 508
390 517
390 520
390 565
390 598
391 402
391 405
391 410
391 437
391 451
391 462
391 489
391 502
391 514
391 519
391 543
391 587
392 412
392 502
392 562
392 599
393 404
393 410
393 494
393 538
393 540
393 575
393 593
394 407
394 421
394 457
394 511
394 520
394 533
394 551
394 553
394 557
394 582
394 588
395 400
395 405
395 410
395 417
395 466
395 486
395 498
395 531
395 540
395 550
395 554
395 565
396 397
396 398
396 416
396 426
396 427
396 431
396 432
396 436
396 470
396 484
396 491
396 507
396 518
396 526
396 536
396 564
396 567
396 578
397 398
397 426
397 431
397 440
397 444
397 516
397 551
397 560
398 420
398 438
398 450
398 458
398 489
398 549
398 559
398 579
398 586
399 403
399 422
399 435
399 450
399 455
399 471
399 488
399 495
399 556
399 566
399 572
399 578
400 425
400 432
400 465
400 467
400 477
400 486
400 515
400 516
400 532
400 544
400 565
401 414
401 429
401 475
401 484
401 489
401 521
401 544
401 545
401 588
402 470
402 485
402 514
402 523
402 530
402 564
402 580
403 403
403 404
403 416
403 487
403 490
403 507
403 516
403 519
403 551
403 569
403 588
403 598
404 420
404 425
404 433
404 446
404 452
404 482
404 516
404 532
404 535
404 561
405 418
405 427
405 438
405 505
405 523
405 555
406 408
406 426
406 441
406 459
406 460
406 466
406 473
406 475
406 485
406 520
406 538
406 566
406 567
407 407
407 417
407 421
407 454
407 521
407 528
407 529
407 535
407 539
407 541
407 562
407 583
407 588
408 410
408 425
408 435
408 453
408 463
408 467
408 519
408 529
408 548
408 581
408 585
409 430
409 442
409 446
409 472
409 478
409 495
409 500
409 521
409 526
409 593
410 413
410 457
410 458
410 469
410 481
410 520
410 525
410 527
410 528
410 530
410 541
410 570
410 571
410 584
410 597
411 440
411 479
411 499
411 556
411 558
411 582
411 592
411 593
412 416
412 431
412 432
412 489
412 490
412 496
412 499
412 541
412 546
412 568
412 576
412 585
412 590
413 420
413 431
413 433
413 448
413 455
413 456
413 462
413 467
413 486
413 501
413 517
413 543
413 576
413 577
413 587
413 597
414 414
414 437
414 442
414 458
414 475
414 480
414 483
414 484
414 519
414 552
414 566
414 568
414 569
414 591
415 440
415 459
415 488
415 497
415 516
415 518
415 560
416 438
416 485
416 496
416 513
416 568
416 573
416 578
416 587
416 593
417 417
417 451
417 479
417 498
417 505
417 533
417 539
417 542
417 548
418 423
418 425
418 427
418 508
418 530
418 540
419 430
419 442
419 446
419 450
419 480
419 488
419 500
419 529
419 537
419 538
419 564
419 565
419 596
420 443
420 444
420 446
420 447
420 453
420 465
420 474
420 476
420 486
420 495
420 514
420 524
421 450
421 461
421 473
421 479
421 484
421 517
421 528
421 544
421 560
421 576
421 592
422 462
422 468
422 481
422 503
422 521
422 534
422 564
422 565
422 581
422 589
423 430
423 432
423 435
423 468
423 473
423 493
423 541
423 563
423 590
424 435
424 441
424 448
424 449
424 455
424 475
424 508
424 526
424 543
424 548
424 580
424 581
425 468
425 485
425 486
425 501
425 504
425 533
425 551
425 552
425 554
425 556
425 567
425 594
426 435
426 444
426 454
426 472
426 477
426 484
426 512
426 545
426 549
426 562
426 585
427 434
427 439
427 459
427 513
427 550
427 564
427 568
427 570
427 588
427 593
427 597
428 429
428 527
428 556
428 563
428 571
429 445
429 460
429 511
429 528
429 531
429 541
429 542
429 550
429 559
429 579
429 581
429 587
430 438
430 447
430 450
430 451
430 460
430 470
430 496
430 514
430 535
430 547
430 551
430 552
430 572
430 582
430 589
430 597
430 599
431 434
431 452
431 455
431 457
431 470
431 475
431 531
431 541
431 543
431 564
431 565
431 569
431 570
431 592
432 437
432 449
432 460
432 500
432 564
433 435
433 444
433 479
433 490
433 558
433 578
433 580
433 593
434 454
434 458
434 460
434 465
434 482
434 490
434 502
434 511
434 544
434 553
434 566
434 580
434 599
435 436
435 443
435 453
435 459
435 495
435 514
435 528
435 534
435 537
435 544
435 550
435 552
435 575
435 579
435 593
436 444
436 484
436 489
436 496
436 501
436 509
436 539
436 552
437 484
437 490
437 492
437 534
437 548
437 563
437 588
438 440
438 444
438 450
438 490
438 505
438 572
439 445
439 473
439 492
439 501
439 514
439 519
439 521
439 534
439 538
439 584
440 449
440 458
440 459
440 496
440 497
440 502
440 507
440 509
440 522
440 527
440 531
440 538
440 581
441 463
441 491
441 492
441 495
441 509
441 513
441 517
441 550
441 552
441 556
441 570
441 579
441 586
442 455
442 459
442 468
442 479
442 498
442 505
442 526
442 536
442 588
443 474
443 488
443 509
443 517
443 527
443 531
443 534
443 545
443 551
443 569
443 585
443 592
443 594
444 450
444 458
444 460
444 484
444 485
444 486
444 501
444 548
444 576
444 577
445 454
445 473
445 498
445 522
445 538
445 554
445 556
445 564
445 598
446 460
446 470
446 472
446 486
446 498
446 511
446 537
446 572
446 574
446 577
446 584
446 587
447 476
447 479
447 502
447 516
447 541
448 485
448 494
448 495
448 512
448 564
448 577
448 580
448 594
449 458
449 463
449 479
449 494
449 498
449 505
449 578
449 579
449 587
450 454
450 455
450 457
450 467
450 486
450 489
450 498
450 514
450 525
450 540
450 548
450 555
450 571
450 577
450 578
450 592
450 594
451 483
451 487
451 492
451 499
451 555
451 580
451 589
451 599
452 454
452 497
452 516
452 531
452 533
452 556
452 561
453 455
453 456
453 484
453 487
453 518
453 527
453 545
453 546
453 550
454 464
454 465
454 478
454 484
454 508
454 520
454 527
454 550
454 558
454 568
454 577
454 590
455 456
455 478
455 493
455 499
455 508
455 531
455 536
455 542
455 544
455 558
455 559
455 578
455 581
456 505
456 517
456 530
456 531
456 565
456 566
456 596
457 473
457 492
457 506
457 528
457 542
457 565
457 569
457 586
457 599
458 466
458 478
458 488
458 498
458 535
459 504
459 519
459 530
459 541
459 555
459 562
459 579
459 586
460 467
460 496
460 513
460 525
460 545
460 559
460 594
460 595
461 478
461 492
461 544
461 553
461 572
461 573
461 594
462 487
462 493
462 497
462 528
462 534
462 562
462 572
462 598
463 473
463 481
463 482
463 487
463 508
463 521
463 530
463 533
463 551
463 583
463 595
464 467
464 471
464 477
464 552
464 583
464 588
465 467
465 473
465 485
465 493
465 520
465 532
465 533
465 546
465 552
465 557
465 566
465 593
466 499
466 521
466 539
466 547
466 551
466 557
466 575
466 585
466 587
467 482
467 487
467 489
467 491
467 503
467 520
467 591
468 481
468 488
468 491
468 502
468 518
468 523
468 531
468 559
469 476
469 480
469 497
469 518
469 553
469 590
470 512
470 516
470 521
470 533
470 579
470 596
471 488
471 508
471 517
471 555
471 570
471 583
472 493
472 509
472 533
472 548
472 568
472 575
472 584
472 594
473 492
473 504
473 509
473 546
473 564
473 570
473 575
473 585
474 517
474 567
474 575
474 590
475 531
475 581
475 582
475 585
476 496
476 501
476 503
476 528
476 540
476 577
476 587
477 478
477 508
477 517
477 537
477 561
478 489
478 501
478 532
478 550
478 585
479 484
479 488
479 513
479 528
479 548
479 554
479 599
480 483
480 488
480 504
480 529
480 542
480 547
480 551
480 559
480 574
481 510
481 564
481 577
482 541
482 550
482 554
482 568
482 570
482 575
482 595
483 508
483 509
483 547
483 568
483 577
483 580
484 522
484 537
484 539
484 548
484 550
484 587
485 514
485 545
485 568
485 569
486 530
486 538
486 540
486 575
486 591
486 597
487 513
487 558
487 569
488 495
488 506
488 509
488 515
488 520
488 546
488 579
488 580
488 582
488 598
490 499
490 533
490 534
490 537
490 541
490 568
490 586
491 503
491 504
491 510
491 511
491 521
491 522
491 529
491 535
491 546
491 552
491 591
491 594
492 494
492 506
492 508
492 514
492 535
492 539
492 552
492 553
492 577
492 580
492 582
493 521
493 546
493 559
493 584
494 494
494 496
494 511
494 525
494 545
494 551
494 568
494 570
494 593
495 539
495 545
495 548
495 571
495 578
495 587
495 598
496 500
496 504
496 523
496 528
496 538
496 560
496 564
496 581
497 502
497 509
497 523
497 531
497 569
498 523
498 538
498 545
498 554
498 572
499 528
499 545
499 549
499 558
499 576
499 587
500 503
500 513
500 560
500 568
500 571
501 509
501 515
501 521
501 524
501 531
501 541
501 548
501 567
501 568
501 575
502 528
502 539
502 552
502 571
502 585
503 508
503 515
503 538
503 568
503 570
503 572
504 506
504 518
504 535
504 546
504 558
504 560
504 569
504 573
505 510
505 529
505 535
505 559
505 598
506 531
506 549
506 580
506 587
507 518
507 548
507 597
508 513
508 521
508 535
508 548
508 578
508 580
508 589
508 590
509 531
509 555
509 571
510 519
510 562
510 597
511 514
511 562
511 570
511 580
511 593
512 521
512 550
512 555
512 569
512 586
513 527
513 543
513 544
513 549
513 554
513 558
513 561
514 551
514 552
514 554
514 578
514 592
514 597
515 522
515 526
515 543
515 544
515 551
515 552
516 533
516 549
516 558
516 564
516 567
517 543
517 551
517 553
517 576
518 557
518 563
518 575
518 577
518 586
519 532
519 558
519 573
519 574
520 526
520 534
520 579
521 599
522 549
523 524
523 546
523 558
523 563
523 578
524 578
524 594
525 546
525 552
525 575
525 581
525 597
526 532
526 548
526 581
526 587
526 597
526 599
527 527
527 530
527 549
527 581
527 598
527 599
528 560
529 545
529 566
529 577
529 579
530 545
530 554
530 566
530 577
530 578
530 582
531 591
532 584
533 544
533 554
533 575
533 587
534 538
534 550
534 577
534 596
534 599
535 540
535 596
535 599
536 557
536 572
537 542
537 548
537 553
537 556
537 560
537 571
537 582
537 598
538 569
538 570
538 588
539 575
539 576
540 593
541 555
541 556
541 595
542 565
542 585
543 552
543 566
543 572
543 583
543 588
543 597
544 546
544 552
544 554
544 568
544 591
544 595
545 554
546 547
546 557
546 562
546 568
547 572
547 575
547 591
548 581
548 594
549 549
549 564
549 569
549 578
550 560
551 586
552 564
552 588
553 583
554 571
554 580
554 587
556 558
556 559
556 573
556 575
556 580
556 596
557 575
557 586
558 566
561 563
562 567
562 572
562 575
563 571
563 591
564 564
564 566
565 566
565 582
565 583
565 594
566 569
566 579
566 584
567 571
568 585
570 590
570 595
571 574
571 581
573 577
573 599
575 583
576 576
576 581
576 587
576 588
576 596
576 598
577 580
578 585
578 597
579 580
582 597
583 587
585 590
587 598
588 589
589 591
