300 1000
0 51
0 74
0 102
0 106
0 234
1 106
1 163
1 254
1 289
2 101
2 144
2 201
2 203
2 291
3 42
3 45
3 50
3 52
3 150
3 205
4 43
4 137
5 17
5 36
5 52
5 58
5 114
5 163
5 296
6 92
6 93
6 150
6 191
6 195
6 213
6 223
6 240
6 259
7 23
7 146
7 147
7 150
7 268
8 24
8 70
8 118
8 123
8 141
8 198
8 221
8 233
8 282
9 63
9 103
9 156
9 188
9 195
9 233
9 238
9 276
10 16
10 54
10 57
10 101
10 102
10 104
10 162
10 180
10 188
10 191
10 250
11 23
11 42
11 100
11 123
11 150
11 157
11 160
11 193
12 121
12 182
12 187
13 86
13 102
13 107
13 132
13 158
13 165
13 214
13 215
13 225
13 227
13 251
13 272
13 293
13 294
14 30
14 90
14 146
14 158
14 184
14 203
14 247
14 290
15 62
15 66
15 128
15 257
15 283
16 57
16 70
16 116
16 164
16 217
16 228
16 251
16 262
16 266
17 75
17 177
17 200
17 245
17 257
17 285
18 49
18 136
18 163
18 228
18 262
18 278
19 54
19 83
19 188
19 211
19 239
19 263
20 136
20 163
20 212
20 228
20 246
20 280
20 295
21 40
21 51
21 58
21 64
21 119
21 132
21 167
21 194
21 216
21 217
21 267
21 284
21 286
22 72
22 101
22 107
22 117
22 138
22 139
22 175
22 223
23 56
23 123
23 209
23 248
24 97
24 114
24 122
24 130
24 155
24 167
24 239
24 256
25 59
25 98
25 205
25 262
26 36
26 119
26 142
26 293
27 31
27 60
27 67
27 141
27 149
27 193
27 255
27 280
27 292
28 61
28 67
28 117
28 120
28 142
28 165
28 240
29 118
29 189
29 217
29 225
29 262
30 161
30 207
30 225
31 45
31 95
31 105
31 129
31 141
32 54
32 144
32 158
32 259
32 279
32 289
33 228
33 248
34 66
34 137
34 189
34 208
34 225
34 265
35 43
35 215
35 269
36 66
36 81
36 155
36 184
36 290
37 43
37 118
37 125
37 175
37 178
37 187
37 203
37 296
38 67
38 79
38 132
38 196
38 257
38 285
38 286
38 295
39 69
39 94
39 118
39 212
39 254
39 273
40 84
40 185
40 191
40 221
41 79
41 86
41 106
41 184
41 188
42 55
42 61
42 75
42 125
42 140
43 96
43 176
43 255
44 80
44 177
44 283
44 289
45 135
45 162
45 173
45 256
46 96
46 99
46 273
46 283
46 296
47 79
47 89
47 137
47 145
47 212
47 222
47 292
48 59
48 65
48 160
48 209
48 270
49 149
49 155
49 220
49 227
49 268
50 105
50 108
50 127
50 135
50 146
50 252
51 62
51 189
51 221
51 231
51 267
51 277
52 56
52 112
52 119
52 156
52 215
52 286
53 101
53 193
53 218
53 261
53 294
53 298
54 56
54 70
54 121
54 163
54 232
54 245
54 250
54 290
54 296
54 298
55 82
55 125
55 209
55 215
56 140
56 160
56 183
56 192
56 253
56 282
57 194
57 265
57 287
58 81
58 87
58 91
58 139
58 293
59 112
59 115
59 139
59 177
59 211
60 86
60 229
60 267
60 268
60 269
60 282
60 298
61 96
61 103
61 273
62 78
62 124
62 155
62 289
63 103
63 131
63 237
64 71
64 254
64 268
65 131
65 134
65 138
65 142
65 147
65 158
65 161
65 208
65 233
65 259
65 270
65 276
66 126
66 146
66 185
66 235
66 271
67 134
67 242
68 94
68 162
68 173
68 189
68 207
68 246
68 256
69 156
69 182
69 208
69 231
69 279
70 74
70 81
70 193
70 261
71 103
71 123
71 155
71 158
71 186
71 250
71 274
71 275
72 116
72 179
72 201
72 213
72 290
73 119
73 146
73 147
73 171
73 204
73 212
73 249
73 291
74 132
74 214
74 230
74 244
74 296
75 181
75 225
75 276
75 299
76 92
76 116
76 188
76 197
76 219
76 227
76 245
76 261
76 262
76 278
77 96
77 143
77 149
77 215
77 283
77 286
78 173
78 186
78 194
78 225
78 265
79 88
79 119
79 146
80 126
80 138
80 152
80 216
80 240
80 254
80 268
80 290
81 114
81 123
81 166
82 99
82 188
82 199
82 242
82 292
83 135
83 211
84 115
84 141
84 178
84 183
84 203
84 205
84 218
84 220
84 249
84 288
84 294
85 160
85 235
85 283
85 299
86 104
86 155
86 176
86 191
86 257
87 118
87 125
87 207
88 172
88 201
88 211
88 255
89 149
89 186
90 174
90 181
90 195
90 206
90 222
90 286
91 118
91 277
92 196
92 234
92 263
92 299
93 94
93 102
93 106
93 138
93 179
93 278
94 188
94 209
94 242
94 263
94 264
94 292
95 102
95 161
95 171
95 190
95 192
95 213
95 224
96 186
96 239
96 264
96 290
97 106
97 164
97 184
97 212
97 248
98 120
98 291
99 133
99 181
99 220
99 222
99 238
99 241
100 115
100 139
100 168
100 171
100 221
100 247
100 286
101 112
101 143
101 174
101 273
102 226
102 237
103 179
103 185
103 219
103 246
103 270
104 140
104 166
104 172
105 114
105 140
105 153
105 249
105 282
105 288
106 158
106 174
106 209
106 266
107 257
107 265
108 110
108 196
108 204
108 267
109 119
109 185
109 187
109 208
110 181
110 222
110 244
111 114
111 173
111 255
112 179
112 225
112 299
113 170
113 223
113 235
114 115
114 117
114 135
114 191
114 216
114 232
115 208
115 231
115 241
115 248
116 141
116 211
116 277
117 129
117 131
117 162
117 251
117 265
118 127
118 149
118 197
118 241
118 276
119 178
119 216
120 130
120 204
120 238
120 250
120 264
120 298
121 139
121 161
122 148
122 155
122 207
122 255
122 266
123 127
123 137
123 141
123 196
123 294
124 137
124 150
124 185
124 234
124 250
124 261
125 182
125 266
125 284
126 136
126 154
126 176
126 208
126 244
126 272
127 164
127 217
127 285
128 204
128 251
128 298
129 145
129 165
129 202
129 209
129 270
130 139
130 154
130 165
130 270
130 271
130 291
131 148
131 150
131 237
132 191
132 213
132 287
133 135
133 193
133 195
133 254
133 283
134 141
134 276
135 185
136 193
136 238
136 253
137 152
137 212
138 144
138 180
138 215
138 254
138 284
139 176
139 225
139 280
139 291
139 296
140 141
140 204
140 209
140 241
140 253
140 272
141 218
141 243
141 253
141 280
141 282
142 247
142 255
142 274
143 225
143 269
143 285
143 296
144 147
145 147
145 253
145 279
145 282
145 292
146 223
146 250
147 151
147 220
148 177
148 299
149 167
149 263
149 279
149 280
150 176
151 277
152 265
153 157
153 165
153 234
153 241
153 265
154 258
154 297
155 171
155 238
155 281
156 186
156 201
156 252
156 278
157 182
157 202
157 205
157 240
158 159
158 162
158 173
158 194
158 196
158 297
159 184
159 207
159 241
160 267
161 227
161 265
161 284
162 234
162 251
163 251
163 278
164 165
164 167
164 243
164 279
165 212
166 225
166 257
166 261
167 170
167 202
167 238
167 250
167 270
168 241
168 270
168 272
169 173
169 277
170 177
170 200
170 227
170 277
171 259
171 278
172 177
172 210
172 219
172 276
173 184
173 242
174 238
175 220
175 223
175 250
175 258
176 259
177 223
177 274
178 183
179 179
179 213
179 239
179 260
180 193
180 277
180 289
181 183
181 186
181 231
181 282
182 273
182 286
183 188
183 223
183 259
184 203
184 233
184 264
185 187
185 217
186 206
186 210
186 227
187 206
187 218
187 220
187 228
187 284
188 189
188 204
188 257
188 267
189 220
191 192
191 218
191 219
192 200
193 197
193 299
194 218
194 237
194 246
194 253
195 211
195 253
195 259
196 202
196 237
197 207
197 231
197 239
197 263
198 246
199 219
200 222
200 260
200 271
200 298
201 236
202 213
202 215
203 259
204 252
204 265
204 280
205 205
205 241
206 267
206 268
206 286
207 275
208 247
209 218
209 261
211 267
211 268
211 288
212 233
212 256
213 262
214 218
214 258
214 275
214 276
215 215
215 278
216 247
216 299
217 290
218 291
219 221
219 229
220 285
221 286
222 225
222 255
222 260
223 262
224 247
224 258
225 292
227 271
228 235
228 256
228 294
229 233
229 235
229 236
230 283
231 234
231 236
231 253
231 283
232 264
233 263
233 273
234 292
234 296
235 235
236 262
236 268
236 280
237 242
237 273
237 289
240 269
241 243
241 261
242 264
242 293
243 262
245 295
248 268
248 278
249 289
251 259
252 298
253 275
254 272
254 296
255 256
256 260
256 292
257 268
258 281
260 288
261 298
261 299
262 293
264 275
265 298
266 279
268 272
269 278
272 274
272 286
275 278
280 284
281 284
281 288
284 287
285 288
286 292
289 295
292 295
293 299
