200 600
0 38
0 115
0 171
2 69
2 83
2 131
2 180
2 193
3 18
3 49
3 75
3 160
3 164
3 169
4 60
4 74
4 133
5 152
6 6
6 25
6 94
6 130
6 182
7 40
7 68
7 107
7 194
8 1
8 100
9 4
9 39
10 150
11 36
11 77
11 115
12 68
12 85
12 129
13 120
13 137
13 182
14 7
14 82
14 97
14 104
14 160
14 171
14 177
15 23
15 128
15 148
16 173
17 46
18 98
19 38
19 182
20 58
20 126
21 22
21 31
21 42
21 44
21 84
21 190
22 89
23 8
23 79
24 97
25 0
26 4
26 5
26 77
26 129
27 40
27 56
27 91
27 137
28 24
29 14
29 22
29 28
29 101
29 126
30 5
30 54
31 122
32 189
33 184
34 28
35 11
35 25
36 1
36 80
36 107
37 77
38 12
38 117
38 180
38 193
39 16
39 19
39 61
39 72
39 76
39 110
39 122
40 13
40 16
40 28
40 42
40 46
41 74
41 87
41 98
42 1
42 129
42 153
43 183
44 36
44 62
45 40
45 52
45 62
45 77
45 110
45 188
46 5
46 96
46 98
47 36
47 50
47 72
47 74
47 76
47 117
47 157
48 106
48 133
48 137
48 167
48 171
49 88
49 194
50 72
50 94
50 113
50 120
50 132
50 143
51 2
51 76
51 120
51 163
51 177
52 30
52 96
52 117
52 167
53 10
53 162
54 26
54 43
54 60
54 103
55 11
55 40
55 75
55 119
55 152
55 170
55 187
55 194
56 34
56 58
56 144
57 26
57 42
58 123
59 3
59 56
59 191
60 123
60 191
61 18
61 24
61 73
62 95
63 157
64 28
64 31
64 63
64 71
64 122
65 20
65 111
66 9
66 45
67 175
68 156
69 57
69 122
69 163
70 12
70 29
70 43
71 9
71 15
71 55
71 107
71 150
71 178
72 38
72 49
72 129
73 48
73 188
74 126
75 135
75 138
76 40
76 158
77 80
78 69
78 94
78 109
78 148
79 18
79 28
79 36
79 63
79 182
80 20
81 53
82 108
82 192
83 103
83 168
83 195
84 77
84 85
85 20
85 153
86 176
86 184
87 34
88 83
88 92
89 17
89 119
89 129
90 51
90 72
90 108
90 112
90 139
90 146
90 152
91 48
91 121
91 128
91 142
92 31
92 35
92 62
92 154
93 84
93 108
93 125
94 18
94 34
94 37
94 115
94 127
94 193
94 194
95 137
95 147
96 16
97 18
98 1
98 101
99 12
99 62
99 104
99 136
100 41
101 1
102 22
102 52
102 199
103 62
103 65
103 169
104 12
105 32
105 63
105 90
105 97
105 130
105 143
105 144
105 163
105 170
105 191
106 22
106 72
106 159
106 168
106 172
106 189
106 194
107 5
108 67
108 141
108 182
109 81
109 141
109 150
109 198
110 135
111 63
111 68
111 179
111 190
112 19
112 112
113 30
113 68
114 64
114 97
114 132
114 171
114 178
114 180
115 1
115 17
115 85
115 135
116 43
116 95
116 137
116 160
116 170
117 42
117 62
117 157
117 186
118 78
118 96
118 100
118 139
118 140
118 163
119 35
119 77
119 180
120 16
120 93
120 176
120 196
121 78
121 135
121 174
121 181
122 113
122 131
122 176
123 110
124 39
124 63
124 87
124 101
124 126
124 140
125 20
125 41
125 81
125 115
126 182
127 4
127 18
127 62
127 66
127 95
127 197
128 124
129 151
129 167
130 63
130 66
130 79
130 102
130 156
130 199
131 8
131 11
131 159
131 172
132 112
132 170
133 33
133 100
134 6
134 135
134 140
134 172
134 183
135 41
135 162
136 9
136 16
136 38
136 68
136 166
136 179
137 161
138 4
138 21
139 125
140 83
140 86
140 117
140 148
140 198
141 81
142 70
142 140
142 172
143 37
143 59
143 100
143 193
144 40
144 101
144 155
145 8
145 27
145 56
145 79
145 100
145 146
146 22
146 36
146 47
146 116
146 164
147 86
148 2
148 9
148 46
148 53
148 74
148 198
149 7
149 44
149 55
149 84
149 123
149 176
149 177
149 185
150 34
150 167
151 109
152 159
153 141
154 34
154 55
155 12
155 28
155 61
155 102
155 134
155 190
156 41
156 139
157 104
157 150
157 162
158 45
158 96
159 1
159 87
159 162
159 188
160 66
160 96
160 106
160 156
161 5
161 43
162 8
163 41
163 116
164 39
164 41
164 66
164 114
164 183
165 193
166 46
166 112
166 128
166 133
166 142
167 196
168 79
168 152
168 157
168 183
168 195
169 23
169 53
170 125
170 165
171 20
171 74
171 115
171 132
171 153
171 162
172 43
172 132
172 187
173 32
173 135
174 51
175 5
175 17
175 44
175 57
175 133
176 133
177 67
177 118
177 175
177 189
178 15
178 56
178 130
178 135
179 40
179 53
180 7
180 8
180 57
181 40
181 71
181 99
182 87
183 36
183 129
184 80
184 190
185 19
185 33
185 34
185 43
185 105
185 167
186 42
186 93
186 113
187 22
187 33
187 52
187 188
188 18
188 42
188 81
189 137
190 169
191 135
191 170
191 196
192 6
192 64
192 76
192 94
192 123
192 138
192 149
193 44
194 11
194 80
195 79
195 92
195 190
196 37
197 15
197 36
197 120
197 190
198 77
198 84
199 77
199 140
199 169
199 174
199 191
