81 347
0 1
0 2
0 4
0 8
0 14
0 20
0 29
0 30
0 32
0 33
0 38
0 46
0 51
0 61
0 65
1 3
1 4
1 10
1 11
1 12
1 24
1 38
1 43
1 60
1 62
1 67
1 70
2 4
2 6
2 10
2 11
2 18
2 24
2 36
2 40
2 50
2 72
3 8
3 10
3 11
3 16
3 21
3 32
3 53
4 5
4 7
4 8
4 10
4 11
4 13
4 15
4 19
4 22
4 27
4 42
4 51
4 64
4 70
5 6
5 11
5 14
5 16
5 22
5 36
5 50
5 63
5 68
5 69
6 13
6 14
6 16
6 21
6 29
6 36
6 38
6 42
6 44
6 54
6 55
6 58
6 69
7 9
7 12
7 14
7 15
7 17
7 30
7 36
7 53
7 55
7 58
7 69
7 77
7 79
8 9
8 10
8 14
8 15
8 26
8 32
8 35
8 64
9 14
9 15
9 16
9 29
9 31
9 32
9 37
9 39
9 41
9 52
10 14
10 29
10 31
10 32
10 35
10 50
10 60
10 73
11 12
11 14
11 15
11 16
11 21
11 43
11 50
11 60
11 61
11 69
11 75
11 78
12 13
12 14
12 16
12 20
12 30
12 38
12 43
12 45
12 50
12 65
13 16
13 22
13 24
13 44
13 46
13 51
13 65
13 69
14 15
14 16
14 26
14 37
14 41
14 43
14 48
14 52
14 65
14 79
15 30
15 31
15 35
15 41
15 54
15 67
15 77
16 26
16 28
16 30
16 38
16 41
16 50
16 70
17 19
17 24
17 26
17 30
17 32
17 64
17 65
17 71
18 19
18 23
18 26
18 30
18 46
18 52
18 72
19 22
19 26
19 46
19 53
19 80
20 21
20 26
20 30
20 31
20 38
20 43
20 57
21 29
21 33
21 35
21 38
21 43
21 49
21 52
21 67
22 36
22 38
22 51
22 54
22 60
22 65
22 76
23 25
23 26
23 51
23 54
23 55
24 26
24 29
24 40
24 42
24 52
24 56
24 61
24 68
24 70
25 31
25 32
25 33
25 40
26 29
26 31
26 32
26 33
26 59
27 31
27 46
27 49
27 60
28 29
28 40
28 47
29 30
29 45
29 67
29 69
29 73
30 32
30 34
30 35
30 44
30 51
30 53
30 73
30 80
31 43
31 44
31 45
31 66
31 77
32 79
33 37
33 42
33 52
33 73
34 36
34 41
34 53
34 73
34 75
35 36
35 51
36 46
36 48
37 41
37 72
38 42
38 46
38 49
38 53
38 54
38 72
39 41
39 42
39 50
39 58
40 43
40 44
40 50
41 43
41 44
41 55
41 69
42 54
43 44
44 53
44 64
44 70
45 74
46 77
47 50
47 58
47 65
47 67
47 80
48 51
48 64
49 51
49 52
49 70
50 70
51 54
52 58
52 66
52 75
52 77
54 55
55 56
55 76
56 61
56 70
57 75
57 76
58 70
59 73
61 64
61 65
62 64
62 69
64 65
64 73
64 76
65 66
65 76
65 77
66 73
67 69
67 72
67 75
68 78
69 80
73 77
77 79