100 380
0 12
0 21
0 32
0 53
1 35
1 51
1 65
1 66
1 79
2 24
2 44
2 46
2 71
3 12
3 13
3 28
3 48
3 88
3 96
4 1
4 5
4 79
4 84
4 85
5 96
6 6
6 30
6 44
6 64
6 72
7 91
8 8
8 23
8 24
9 1
9 19
9 26
9 29
9 41
9 67
9 70
9 82
9 83
9 86
10 18
10 22
10 63
10 75
10 90
10 91
11 28
11 32
11 41
11 51
11 56
11 64
12 5
13 49
14 3
14 5
14 59
14 73
14 85
14 86
15 7
15 55
15 64
15 86
16 35
16 62
17 2
17 17
17 24
17 35
17 59
17 74
17 99
18 22
18 53
18 55
18 63
19 7
19 26
19 52
19 71
19 75
19 97
20 19
20 37
20 44
20 50
20 60
21 47
22 12
22 16
22 60
22 81
23 50
23 95
24 23
25 4
25 60
25 61
25 83
25 94
25 95
26 46
26 66
26 79
27 23
27 26
27 78
28 39
28 90
29 1
29 8
29 11
29 19
29 20
29 51
29 95
30 67
30 71
30 84
30 97
31 25
31 78
31 89
32 21
33 9
33 50
33 51
33 53
33 80
34 19
34 34
34 35
34 72
34 91
34 96
35 77
36 4
36 7
36 17
36 53
36 84
36 95
37 10
37 32
37 80
38 5
38 6
38 35
38 39
38 44
38 53
38 64
38 74
38 81
38 92
39 0
39 7
39 41
39 66
40 5
40 9
40 14
40 15
40 29
40 43
41 12
41 19
41 23
41 26
41 41
42 7
42 14
42 43
42 57
42 85
43 7
43 14
43 31
43 46
43 62
43 67
43 76
44 78
44 87
44 90
45 25
45 31
45 40
45 58
45 91
46 71
46 79
46 80
46 84
46 96
47 8
48 1
48 2
48 15
48 99
49 63
51 13
51 16
51 80
52 26
52 69
53 90
54 7
54 9
54 18
54 25
54 38
54 97
55 27
56 4
56 23
56 41
56 71
57 2
57 14
57 54
57 64
57 77
57 94
58 11
58 70
58 83
58 89
59 5
59 26
59 63
59 64
59 80
59 93
59 98
59 99
60 28
60 32
60 35
60 80
60 85
61 49
61 66
62 21
62 79
63 71
64 20
64 41
65 19
65 53
65 64
66 21
66 83
66 91
67 24
67 31
67 62
67 66
68 1
68 13
68 18
68 24
68 37
68 74
68 97
69 61
70 26
70 28
70 29
70 89
71 50
72 8
72 21
72 85
72 96
72 97
72 99
73 21
73 33
73 63
73 69
73 95
74 8
74 11
74 49
74 62
74 66
74 70
74 88
74 90
75 2
75 24
76 0
76 7
76 19
76 58
76 78
77 23
77 97
78 12
78 35
78 52
79 7
79 23
80 35
80 69
80 79
81 5
81 12
81 49
82 3
82 6
82 18
82 28
82 67
82 89
83 63
83 81
84 0
85 28
85 44
85 49
85 53
85 71
86 8
86 12
86 36
86 69
86 77
86 78
87 50
87 55
88 4
88 8
88 47
88 76
89 29
89 55
89 62
89 77
90 8
90 50
90 51
91 32
91 47
92 17
92 45
92 59
92 60
92 98
93 39
93 41
93 55
93 68
93 79
94 3
94 68
94 97
94 98
95 13
96 16
96 50
97 62
97 63
98 21
98 32
98 34
98 51
98 63
98 93
98 95
99 20
99 23
99 87
99 93