61 250
0 1
0 2
0 3
0 7
0 8
0 10
0 14
0 15
0 24
0 47
1 5
1 9
1 10
1 14
1 39
2 4
2 7
2 9
2 10
2 11
2 12
2 15
2 22
2 36
2 45
2 50
2 59
3 6
3 9
3 10
3 20
3 28
3 36
3 39
4 1
4 9
4 12
4 14
4 15
4 19
4 30
4 31
4 34
4 36
4 52
4 60
5 9
5 10
5 11
5 12
5 14
5 15
5 24
5 29
5 31
5 33
5 34
5 38
5 41
6 2
6 9
6 10
6 12
6 14
6 15
6 29
6 30
6 45
6 60
7 4
7 9
7 10
7 12
7 15
7 21
7 24
7 29
7 59
8 10
8 11
8 12
8 25
8 27
8 31
8 35
8 39
8 46
8 59
9 10
9 11
9 12
9 27
9 31
10 11
10 12
10 13
10 20
10 50
10 55
10 60
11 14
11 15
11 20
11 21
11 27
11 29
11 35
12 15
12 16
12 17
12 19
12 20
12 21
12 27
12 38
12 48
12 50
12 60
13 12
13 14
13 19
13 24
13 45
13 46
13 48
14 15
14 18
14 19
14 21
14 42
14 59
15 21
15 27
15 39
16 17
16 21
16 27
16 29
17 18
17 21
17 23
17 24
17 32
17 33
17 36
17 45
18 26
18 36
18 44
19 18
19 36
19 39
19 50
20 27
20 32
20 46
20 47
21 29
21 34
21 36
21 40
21 52
22 31
22 43
22 51
23 30
23 32
23 34
23 40
23 42
23 45
23 57
24 27
24 30
24 31
24 32
24 37
24 38
24 39
24 50
25 3
25 31
25 35
26 30
26 31
26 33
26 38
27 29
27 31
27 47
28 6
28 29
28 34
29 50
29 60
30 50
30 59
30 60
31 21
32 14
32 38
32 39
32 45
32 59
33 30
33 36
33 39
34 39
34 52
35 40
35 43
35 49
36 40
36 48
37 23
37 45
38 45
39 29
40 53
40 58
41 50
41 56
42 19
42 46
43 20
43 44
43 53
44 26
45 46
46 33
47 31
48 40
48 50
48 53
49 43
51 7
51 59
52 39 
53 54
53 60
54 34
54 60
55 13
56 9
56 50
57 11
57 60
58 53
59 15
60 50