500 700
0 5
0 354
0 405
1 376
2 54
3 253
3 332
4 80
5 7
5 260
6 9
6 348
7 317
8 278
9 361
10 334
11 485
12 144
13 119
13 150
13 206
14 213
15 436
16 83
16 320
17 337
18 306
19 19
19 83
20 108
21 274
22 30
22 43
23 71
23 498
24 403
25 407
26 79
27 129
28 343
29 105
30 103
30 437
31 156
32 119
32 429
33 412
34 58
34 189
35 184
36 423
37 29
38 353
39 227
40 151
41 96
42 212
43 68
43 363
44 499
45 398
46 391
46 406
46 458
47 220
48 68
49 399
50 469
51 1
51 181
52 48
52 304
53 30
53 406
53 466
54 233
55 81
56 232
57 286
58 221
58 256
59 68
59 339
60 155
61 187
62 195
63 197
64 447
65 57
66 55
66 104
66 185
67 49
67 306
68 177
69 481
70 18
70 326
71 340
72 493
73 295
74 37
75 66
75 143
76 379
77 249
77 458
78 388
79 32
80 346
80 474
81 84
82 117
82 191
83 15
84 181
84 272
84 437
85 149
86 330
87 390
88 103
88 116
89 17
89 53
89 177
90 99
91 120
92 438
93 378
94 387
95 59
95 485
96 102
97 385
98 243
99 76
100 301
101 209
101 304
101 496
102 215
103 85
104 386
105 65
106 281
106 480
107 9
107 263
108 253
108 304
108 454
109 78
109 120
110 69
110 244
111 54
111 267
112 430
113 25
114 461
115 188
116 331
117 93
118 442
119 162
119 181
120 184
120 300
120 328
121 333
121 427
122 471
123 141
124 1
124 240
125 201
126 91
127 300
127 494
128 275
129 24
130 217
131 28
132 189
133 178
134 312
135 435
136 71
137 87
137 168
137 204
138 208
139 467
140 50
141 439
142 247
143 36
143 345
143 387
144 474
145 377
146 396
147 414
148 397
149 74
150 303
151 223
152 316
153 314
154 152
154 468
155 128
155 380
156 51
157 131
158 2
158 148
158 313
159 143
160 288
161 202
161 492
162 492
163 29
163 409
164 236
164 371
165 482
166 31
167 88
168 282
169 96
169 166
170 311
171 332
172 169
173 302
174 73
175 35
176 132
177 26
178 175
179 366
180 336
181 252
182 62
183 455
184 299
185 205
185 497
186 97
187 487
188 298
189 416
190 137
191 370
191 458
192 127
193 2
193 38
194 48
194 129
194 192
194 289
195 179
196 115
197 94
198 310
199 107
200 458
201 59
201 216
201 422
202 3
203 222
203 294
204 33
205 259
205 280
206 106
206 309
206 389
207 218
209 6
209 459
210 468
211 382
212 489
213 44
214 41
214 87
214 217
215 92
216 10
216 276
216 302
216 440
217 445
218 265
219 315
220 166
220 228
220 465
221 139
222 150
223 100
224 326
225 297
226 400
227 42
228 324
229 394
230 291
231 248
232 178
232 391
233 11
234 254
234 307
234 391
235 119
236 404
237 283
238 350
239 355
240 121
241 470
242 113
243 373
244 496
245 321
246 70
247 50
247 52
248 75
249 327
250 101
250 435
251 245
252 351
253 12
253 122
253 239
254 107
254 344
255 410
256 130
256 417
256 450
257 141
257 497
258 411
259 478
260 335
261 203
262 460
263 238
263 477
264 112
265 457
266 393
266 452
267 130
267 375
268 164
269 174
270 456
271 28
271 462
272 124
273 313
273 383
274 109
274 403
275 199
275 204
276 483
277 111
278 142
279 420
280 123
280 161
281 163
282 392
283 26
283 67
284 277
285 8
286 359
287 296
288 381
289 90
290 89
291 122
292 235
293 4
294 133
295 490
296 120
296 491
297 170
298 41
299 255
300 34
300 309
301 413
302 95
303 308
304 12
304 83
305 198
305 411
306 45
307 449
307 473
308 196
309 362
310 15
310 134
311 174
311 434
312 29
312 82
313 86
313 149
313 281
314 251
315 347
315 410
315 477
316 167
317 475
318 46
318 120
318 428
319 118
320 61
321 190
321 404
321 477
322 16
323 294
324 380
325 451
326 226
327 371
328 172
329 364
330 347
331 112
331 358
331 422
332 488
333 342
334 358
335 193
336 357
337 429
337 486
338 273
339 21
339 462
340 98
340 334
341 266
341 458
342 329
342 426
343 176
344 408
345 72
346 324
346 476
347 147
348 64
348 301
349 60
349 104
350 200
351 56
352 484
353 443
354 63
355 137
355 211
356 46
357 427
358 432
359 165
360 417
360 452
361 341
362 146
363 293
364 349
365 228
366 419
367 39
368 125
368 244
369 22
369 28
370 153
371 441
372 135
373 154
373 403
373 439
374 23
375 463
376 36
376 492
377 319
378 268
379 479
380 42
380 138
380 246
381 304
382 305
382 473
383 207
383 376
384 389
384 453
385 77
386 352
387 7
388 194
388 479
389 356
390 258
391 450
392 13
393 360
394 173
395 270
395 353
396 10
396 50
397 299
397 444
398 221
398 414
399 374
400 140
401 5
402 86
402 431
403 230
404 284
404 404
405 42
405 130
405 140
405 401
406 186
407 45
407 55
408 83
408 173
408 279
408 357
409 226
409 292
410 157
411 126
411 228
412 219
413 57
413 261
414 264
415 257
416 289
417 323
418 453
419 180
420 135
420 237
420 291
420 321
420 414
421 214
421 227
421 493
422 421
423 27
424 185
424 250
424 273
424 382
425 3
425 43
425 407
425 448
426 325
427 287
427 330
428 338
429 473
430 145
430 281
431 42
431 395
432 464
433 182
433 430
434 47
435 160
436 38
437 171
438 285
439 224
440 123
441 30
442 40
443 103
444 0
445 261
445 263
446 136
447 415
448 369
449 280
450 495
451 262
452 225
452 252
453 365
454 229
454 290
455 298
455 418
456 334
456 446
457 14
457 461
458 183
458 219
458 288
459 20
460 368
461 433
462 372
463 99
463 114
464 19
464 227
465 472
466 60
467 204
467 412
468 138
469 210
470 271
471 313
472 110
472 423
473 69
474 354
475 184
475 281
476 164
476 234
476 244
477 159
478 6
479 162
480 90
480 322
481 241
482 269
483 62
483 88
483 307
484 117
485 402
486 61
486 231
487 34
487 301
487 318
487 416
488 229
489 440
490 417
491 53
492 367
493 328
494 158
495 309
496 384
497 8
497 242
498 251
498 424
498 441
499 288
499 329